X0,k_HO2_wall,k_OH_wall,S_HO2,S_OH,cost,success,ier,mesg
4501532721496.971,4.596632700000696,10.0668744602536,2.3906831912852453e-10,3.4606828269849795e-11,1444807.09909,True,2,The relative error between two consecutive iterates is at most 0.000000
4777489579928.717,4.459325360326554,10.350928933280937,2.31946846211926e-10,3.0968840449050234e-11,1564503.80481,True,3,Both actual and predicted relative reductions in the sum of squares  are at most 0.000000 and the relative error between two consecutive iterates is at   most 0.000000
4719770976261.559,4.392445946697233,9.360407791730484,2.3302640497499214e-10,3.2783732069915203e-11,1516795.96266,True,3,Both actual and predicted relative reductions in the sum of squares  are at most 0.000000 and the relative error between two consecutive iterates is at   most 0.000000
4028595557107.435,4.867545227041673,13.153786687268749,2.5798189653753074e-10,3.61987042134592e-11,1825958.24998,True,2,The relative error between two consecutive iterates is at most 0.000000
4329283872505.718,4.771412514515772,11.292431778063348,2.4633230966309737e-10,3.332449705240098e-11,1444073.15354,True,3,Both actual and predicted relative reductions in the sum of squares  are at most 0.000000 and the relative error between two consecutive iterates is at   most 0.000000
4823082135433.975,4.039863390489246,11.824134711472285,2.2877032601289618e-10,3.0546247139433266e-11,1459850.89311,True,2,The relative error between two consecutive iterates is at most 0.000000
4865989742655.343,4.249516231953374,9.827386494967152,2.29263801612311e-10,3.471406185852112e-11,1545350.50047,True,2,The relative error between two consecutive iterates is at most 0.000000
4870015191216.505,4.499076323314235,10.46866019002314,2.301457085309222e-10,3.185673571313421e-11,1574209.5624,True,2,The relative error between two consecutive iterates is at most 0.000000
4451087818907.53,4.523842175947625,11.13059565220909,2.412189932903168e-10,3.2076587034820564e-11,1316790.25728,True,2,The relative error between two consecutive iterates is at most 0.000000
4991852530304.468,4.09088915565771,8.733629645878729,2.2526897282273122e-10,2.9204831420424754e-11,1411742.07191,True,3,Both actual and predicted relative reductions in the sum of squares  are at most 0.000000 and the relative error between two consecutive iterates is at   most 0.000000
4513306224241.318,4.5044624289113,10.453719270929485,2.4049300942040554e-10,3.082539533556887e-11,1451884.38266,True,2,The relative error between two consecutive iterates is at most 0.000000
4429694025085.425,4.239768851923483,11.870660025650233,2.4203734095275124e-10,3.121763299203409e-11,1686286.24343,True,2,The relative error between two consecutive iterates is at most 0.000000
4331331865651.2417,4.455563401626373,10.80561576189031,2.4394851082104247e-10,3.4431229160026816e-11,1686371.61409,True,2,The relative error between two consecutive iterates is at most 0.000000
4411265061453.017,4.434140410372553,11.159828063308167,2.4118164676987144e-10,3.198077868933211e-11,1387662.91851,True,3,Both actual and predicted relative reductions in the sum of squares  are at most 0.000000 and the relative error between two consecutive iterates is at   most 0.000000
4700480138529.156,4.508443392184367,10.979319590066124,2.3364205844110473e-10,3.10722020109976e-11,1277209.02252,True,3,Both actual and predicted relative reductions in the sum of squares  are at most 0.000000 and the relative error between two consecutive iterates is at   most 0.000000
4614949423048.506,4.625677757777822,9.347818038882721,2.37665234113728e-10,3.2773119604663345e-11,1517619.52153,True,2,The relative error between two consecutive iterates is at most 0.000000
4419517949694.274,4.580754798491245,10.862006178559618,2.4288349608578896e-10,3.190399413552895e-11,1731029.93087,True,3,Both actual and predicted relative reductions in the sum of squares  are at most 0.000000 and the relative error between two consecutive iterates is at   most 0.000000
4530423661293.637,4.290517785299579,11.05100716321561,2.3636305041846714e-10,3.358849595022789e-11,1571072.16534,True,3,Both actual and predicted relative reductions in the sum of squares  are at most 0.000000 and the relative error between two consecutive iterates is at   most 0.000000
4741210708188.387,4.521529470313294,9.267051481669412,2.3268773542269544e-10,3.5277455837558024e-11,1774919.76064,True,1,Both actual and predicted relative reductions in the sum of squares  are at most 0.000000
4559425032039.522,4.564088940406455,9.663720439058547,2.390971367240267e-10,3.2943018001975174e-11,1376956.91087,True,2,The relative error between two consecutive iterates is at most 0.000000
4559892314449.788,4.136396882206782,10.470446339189134,2.3633112852167663e-10,3.2360214743146196e-11,1519195.61593,True,2,The relative error between two consecutive iterates is at most 0.000000
4549087711530.795,4.5947526756739645,10.62178010271824,2.3958940022081986e-10,3.338064018285708e-11,1679357.31885,True,3,Both actual and predicted relative reductions in the sum of squares  are at most 0.000000 and the relative error between two consecutive iterates is at   most 0.000000
4333215741596.9956,4.548996291562816,10.322823724452194,2.460432985443482e-10,3.589589511593009e-11,1520236.93383,True,3,Both actual and predicted relative reductions in the sum of squares  are at most 0.000000 and the relative error between two consecutive iterates is at   most 0.000000
4825793364661.335,4.6721324225191285,9.293183100332776,2.3069074574168978e-10,2.8471601437370737e-11,1813990.04912,True,2,The relative error between two consecutive iterates is at most 0.000000
4451117337006.13,4.536573512312262,10.324358795998092,2.414590762013194e-10,3.1801856346432845e-11,1856927.73633,True,2,The relative error between two consecutive iterates is at most 0.000000
4224530119061.3887,4.707263210189562,10.063876006444673,2.4908211998889165e-10,3.496983776017917e-11,1499002.75388,True,2,The relative error between two consecutive iterates is at most 0.000000
5083475922955.684,3.9047214216199175,11.90502827617882,2.2173889805047091e-10,3.096056688173357e-11,1662257.32531,True,3,Both actual and predicted relative reductions in the sum of squares  are at most 0.000000 and the relative error between two consecutive iterates is at   most 0.000000
4347834306062.7266,4.788723552607655,9.187534645373034,2.457887678823953e-10,3.722976468455064e-11,1452859.8213,True,2,The relative error between two consecutive iterates is at most 0.000000
4733940845430.773,4.598741845609666,10.2197187950106,2.333194703339726e-10,3.337293571418093e-11,1688226.94576,True,3,Both actual and predicted relative reductions in the sum of squares  are at most 0.000000 and the relative error between two consecutive iterates is at   most 0.000000
4344332624549.573,4.236068224092799,11.054003887907054,2.4223102871376164e-10,3.3227979989657116e-11,1439861.06431,True,2,The relative error between two consecutive iterates is at most 0.000000
4863429280544.8,4.030098797816306,9.736914709739116,2.2811917008070319e-10,2.7941177236910715e-11,1434364.84934,True,2,The relative error between two consecutive iterates is at most 0.000000
4436264988198.385,4.271148405846839,12.480530760385003,2.417832567051734e-10,3.825815799840861e-11,1616105.86375,True,2,The relative error between two consecutive iterates is at most 0.000000
4954019344359.526,4.188350440602813,10.158972716000632,2.2623756862020142e-10,3.352222016224213e-11,1522763.86144,True,3,Both actual and predicted relative reductions in the sum of squares  are at most 0.000000 and the relative error between two consecutive iterates is at   most 0.000000
4521700975324.459,4.6008663139277255,10.737659962277416,2.410107576049247e-10,3.2274217030533376e-11,1489055.24011,True,2,The relative error between two consecutive iterates is at most 0.000000
4738551152059.97,4.37781956485016,10.241169026519174,2.326866634945406e-10,3.495060425014588e-11,1316496.9194,True,3,Both actual and predicted relative reductions in the sum of squares  are at most 0.000000 and the relative error between two consecutive iterates is at   most 0.000000
4722083615383.65,4.1171717509242125,9.322543779466555,2.3133779181885333e-10,3.28209125183227e-11,1197879.94119,True,2,The relative error between two consecutive iterates is at most 0.000000
4456719336830.978,4.542677609886959,9.763398603757281,2.421481243053205e-10,3.39837209603493e-11,1740654.73784,True,3,Both actual and predicted relative reductions in the sum of squares  are at most 0.000000 and the relative error between two consecutive iterates is at   most 0.000000
4287421445575.9243,4.367287341763058,11.325933470274238,2.464473836543991e-10,3.353467536649999e-11,1475348.96003,True,2,The relative error between two consecutive iterates is at most 0.000000
4918824600931.919,4.113522271259239,9.617847073102263,2.274179530080296e-10,2.925059283612588e-11,1460470.62532,True,2,The relative error between two consecutive iterates is at most 0.000000
4535660926080.501,4.375935038343663,9.882564401726944,2.385605660653607e-10,3.3929668476220753e-11,1461805.92208,True,3,Both actual and predicted relative reductions in the sum of squares  are at most 0.000000 and the relative error between two consecutive iterates is at   most 0.000000
4412569205511.827,4.29860382983216,10.936162186352078,2.4116106894800073e-10,3.804247041255631e-11,1563303.62983,True,3,Both actual and predicted relative reductions in the sum of squares  are at most 0.000000 and the relative error between two consecutive iterates is at   most 0.000000
4501797743113.078,4.632800259054282,10.195148618969673,2.400463873122197e-10,3.074220931079635e-11,1546880.72266,True,2,The relative error between two consecutive iterates is at most 0.000000
4333147117662.539,4.897654374449766,10.824677733376184,2.4770760634660066e-10,2.9962210046562386e-11,1521870.53512,True,2,The relative error between two consecutive iterates is at most 0.000000
4612759868860.047,4.485792408442604,8.401450543183246,2.35232319019816e-10,3.306718970440741e-11,1443456.13921,True,2,The relative error between two consecutive iterates is at most 0.000000
4617041888910.695,4.571377094271366,9.118705152062109,2.353609270428886e-10,3.3627747256509176e-11,1515358.11884,True,3,Both actual and predicted relative reductions in the sum of squares  are at most 0.000000 and the relative error between two consecutive iterates is at   most 0.000000
4978407446468.918,4.398876636354538,11.135136382069632,2.2824370573883454e-10,3.5454749557956225e-11,1543955.9781,True,3,Both actual and predicted relative reductions in the sum of squares  are at most 0.000000 and the relative error between two consecutive iterates is at   most 0.000000
4901735863029.985,4.168634280780785,9.768868811998649,2.2720928094538403e-10,3.195065376711628e-11,1670473.15666,True,2,The relative error between two consecutive iterates is at most 0.000000
4669986839083.773,4.417366616626228,11.450779843850995,2.342599852668205e-10,3.1647171714712604e-11,1482747.4593,True,2,The relative error between two consecutive iterates is at most 0.000000
4726032540725.925,4.620678135941844,10.10632783663627,2.355567106988153e-10,3.20326824165703e-11,1527440.47786,True,2,The relative error between two consecutive iterates is at most 0.000000
4626527272496.37,4.291731797369201,10.75697484299354,2.3576261146214065e-10,2.097405291607986e-11,1568661.87733,True,3,Both actual and predicted relative reductions in the sum of squares  are at most 0.000000 and the relative error between two consecutive iterates is at   most 0.000000
4406889869596.753,4.689810386609549,11.17572033133759,2.446325930522567e-10,3.296932114274487e-11,1653721.46046,True,3,Both actual and predicted relative reductions in the sum of squares  are at most 0.000000 and the relative error between two consecutive iterates is at   most 0.000000
4611428831950.125,4.678548735676999,9.818505721590148,2.3761476687586975e-10,3.093186484832418e-11,1501879.24812,True,2,The relative error between two consecutive iterates is at most 0.000000
4898185963678.579,4.10418234802881,10.388060758047333,2.26469479544369e-10,3.125696608384231e-11,1656612.81533,True,2,The relative error between two consecutive iterates is at most 0.000000
4710675657793.796,4.250161336169426,10.539124599573853,2.3329286429564213e-10,3.07284267285894e-11,1460876.648,True,3,Both actual and predicted relative reductions in the sum of squares  are at most 0.000000 and the relative error between two consecutive iterates is at   most 0.000000
4943663882148.721,4.2816402063562755,8.195391867379072,2.255559871229789e-10,3.0213043858826634e-11,1592371.72766,True,2,The relative error between two consecutive iterates is at most 0.000000
4691101599293.254,4.377257924865835,11.496325760794761,2.3385474761305365e-10,3.5652704465894e-11,1679418.42063,True,2,The relative error between two consecutive iterates is at most 0.000000
4708699340765.493,4.390304318531096,11.142762218098332,2.3417473222500584e-10,3.0134189302978556e-11,1501340.03624,True,2,The relative error between two consecutive iterates is at most 0.000000
4578115273998.013,4.193041450265652,11.726908107401657,2.3818783688217204e-10,3.221583487500534e-11,1653757.43306,True,2,The relative error between two consecutive iterates is at most 0.000000
4679854721839.723,4.481662462933826,9.045293067968892,2.361506643136039e-10,2.964345247255276e-11,1471521.70658,True,2,The relative error between two consecutive iterates is at most 0.000000
4274712492417.3984,4.606627771027824,11.003915249468722,2.465715470810411e-10,3.560872926612979e-11,1620756.54748,True,2,The relative error between two consecutive iterates is at most 0.000000
4500711171870.014,4.560879358727503,9.51844805233409,2.3999986745031015e-10,3.5059640801281354e-11,1487564.2396,True,2,The relative error between two consecutive iterates is at most 0.000000
5122043742271.808,4.2083119424803686,9.77308462971717,2.217006538777206e-10,2.6310374024135066e-11,1447295.7603,True,3,Both actual and predicted relative reductions in the sum of squares  are at most 0.000000 and the relative error between two consecutive iterates is at   most 0.000000
4442066440770.667,4.129881093537008,11.30976812587782,2.3937383869520604e-10,3.114845164188543e-11,1362565.77288,True,3,Both actual and predicted relative reductions in the sum of squares  are at most 0.000000 and the relative error between two consecutive iterates is at   most 0.000000
4464674508262.449,4.860270578167565,10.837251382974982,2.42453817471946e-10,3.553571148688948e-11,1641699.4811,True,2,The relative error between two consecutive iterates is at most 0.000000
4538564999305.56,4.782914177177661,11.759051669335252,2.401093961102229e-10,3.3144940187297385e-11,1536074.495,True,2,The relative error between two consecutive iterates is at most 0.000000
4896082204791.883,4.586927765619706,9.270612023485088,2.2941854999140412e-10,3.037958313085987e-11,1538510.37639,True,2,The relative error between two consecutive iterates is at most 0.000000
4193274292914.645,4.409532644761382,11.451492910204207,2.4974851318176845e-10,3.800185973842847e-11,1518446.78286,True,2,The relative error between two consecutive iterates is at most 0.000000
4795486733168.178,4.175622465717913,9.446041276006715,2.2980456387225425e-10,3.138376061463672e-11,1641994.14939,True,3,Both actual and predicted relative reductions in the sum of squares  are at most 0.000000 and the relative error between two consecutive iterates is at   most 0.000000
4973663803244.293,4.100599146087116,11.016688883634107,2.2608620811973956e-10,2.939791313253435e-11,1593342.99855,True,3,Both actual and predicted relative reductions in the sum of squares  are at most 0.000000 and the relative error between two consecutive iterates is at   most 0.000000
4784694518526.395,4.019779614345292,11.24232662256671,2.2916825739569657e-10,3.326611640456821e-11,1700508.76273,True,3,Both actual and predicted relative reductions in the sum of squares  are at most 0.000000 and the relative error between two consecutive iterates is at   most 0.000000
5010767787051.138,3.8475398812973407,10.149174281643889,2.2250055744681103e-10,3.033232596350377e-11,1392544.7911,True,3,Both actual and predicted relative reductions in the sum of squares  are at most 0.000000 and the relative error between two consecutive iterates is at   most 0.000000
4776697546041.587,4.430601285453498,9.774533574773997,2.3186432484938863e-10,3.104645009190864e-11,1513597.97555,True,1,Both actual and predicted relative reductions in the sum of squares  are at most 0.000000
4821004247491.386,4.447303503131047,11.232482011220222,2.3103048007423687e-10,3.418834708686249e-11,1536868.40957,True,3,Both actual and predicted relative reductions in the sum of squares  are at most 0.000000 and the relative error between two consecutive iterates is at   most 0.000000
4747637568870.815,3.9716118158744402,10.256930445458229,2.2998643648378303e-10,3.225914471571857e-11,1380222.0744,True,2,The relative error between two consecutive iterates is at most 0.000000
4377503266616.2993,4.427580937228569,9.092563410674646,2.434936541947447e-10,3.5319479107499356e-11,1474637.10469,True,2,The relative error between two consecutive iterates is at most 0.000000
4756856470704.375,4.434199852946608,12.182552272056027,2.3228192771813989e-10,3.0875405130106287e-11,1660993.5452,True,3,Both actual and predicted relative reductions in the sum of squares  are at most 0.000000 and the relative error between two consecutive iterates is at   most 0.000000
5114332787075.425,4.237728543289663,9.737111394041333,2.2154200452984595e-10,3.0556983221234475e-11,1483179.30747,True,2,The relative error between two consecutive iterates is at most 0.000000
4990368492988.137,4.172410818563785,10.398017231891986,2.250112772605016e-10,3.2909563199699713e-11,1377445.92356,True,2,The relative error between two consecutive iterates is at most 0.000000
4715037757446.15,4.683121872091839,10.680456758313678,2.341987200349239e-10,2.8909659759171135e-11,1517223.9886,True,3,Both actual and predicted relative reductions in the sum of squares  are at most 0.000000 and the relative error between two consecutive iterates is at   most 0.000000
5065264428471.267,4.349474784633103,10.226142978445294,2.2427964707321141e-10,3.551500776926607e-11,1815218.29639,True,1,Both actual and predicted relative reductions in the sum of squares  are at most 0.000000
4672327755656.605,4.765448136323433,9.186433015643047,2.355536156445119e-10,3.043666503265071e-11,1431417.49379,True,3,Both actual and predicted relative reductions in the sum of squares  are at most 0.000000 and the relative error between two consecutive iterates is at   most 0.000000
4942182532444.203,4.25988982759529,9.723182728577502,2.2612407175525506e-10,2.830686294912699e-11,1333449.44136,True,2,The relative error between two consecutive iterates is at most 0.000000
4547584157927.625,4.55886810900688,11.091476132261729,2.3891051533301503e-10,3.518407713886064e-11,1404784.78089,True,2,The relative error between two consecutive iterates is at most 0.000000
4844927821084.729,4.618436420542531,10.491625961089648,2.3104095213782452e-10,3.284442588059158e-11,1533647.34528,True,2,The relative error between two consecutive iterates is at most 0.000000
5164309745722.666,4.092814746322377,10.984919481894368,2.205226661997588e-10,2.992599713669876e-11,1494715.13069,True,1,Both actual and predicted relative reductions in the sum of squares  are at most 0.000000
4525617915993.516,4.3159320559660275,10.982393456845255,2.376818257837177e-10,3.3561094927494605e-11,1562147.6568,True,2,The relative error between two consecutive iterates is at most 0.000000
4503691966119.67,4.339775787562051,12.479829035573765,2.3907245206101845e-10,3.458840019776873e-11,1729779.07935,True,2,The relative error between two consecutive iterates is at most 0.000000
4759258353071.038,4.404103208389863,9.324965355218154,2.321377198616647e-10,3.478926792563285e-11,1498007.89342,True,2,The relative error between two consecutive iterates is at most 0.000000
4716243255037.337,4.188829080566836,10.50006142842423,2.3144999637011226e-10,3.1702402763517233e-11,1357465.45405,True,3,Both actual and predicted relative reductions in the sum of squares  are at most 0.000000 and the relative error between two consecutive iterates is at   most 0.000000
4458276407115.112,4.3079342062938055,10.217620970435451,2.391879378238315e-10,3.670099220355858e-11,1572409.38232,True,3,Both actual and predicted relative reductions in the sum of squares  are at most 0.000000 and the relative error between two consecutive iterates is at   most 0.000000
4314692099718.9854,4.619209710021768,10.06511385205459,2.471600042078353e-10,3.369445027243546e-11,1518837.99332,True,2,The relative error between two consecutive iterates is at most 0.000000
4578332359822.85,4.441564182757814,9.99404277726911,2.3814085217969875e-10,3.49434031322009e-11,1433717.36922,True,2,The relative error between two consecutive iterates is at most 0.000000
4804136717252.837,4.483200391306833,10.193228697627385,2.3147312727337294e-10,3.2841158059790117e-11,1535580.60979,True,1,Both actual and predicted relative reductions in the sum of squares  are at most 0.000000
4698859447155.731,4.541317191264561,9.799286339399425,2.3413041152372486e-10,3.477657368780152e-11,1500194.81392,True,3,Both actual and predicted relative reductions in the sum of squares  are at most 0.000000 and the relative error between two consecutive iterates is at   most 0.000000
4473218607256.1455,4.347418841764173,10.135726814973527,2.39788907907731e-10,3.749237351896966e-11,1431453.42735,True,2,The relative error between two consecutive iterates is at most 0.000000
4592263160168.155,4.6357082082715175,9.83652871463306,2.380428626742753e-10,3.3397762750995413e-11,1535266.5458,True,2,The relative error between two consecutive iterates is at most 0.000000
5037991952839.519,4.366507303543765,8.736006825742766,2.2539702407956248e-10,3.2111053545894737e-11,1607166.46355,True,2,The relative error between two consecutive iterates is at most 0.000000
4596496328527.056,4.357827869912181,10.152950026988183,2.364342573706633e-10,2.969002390266985e-11,1460015.9622,True,2,The relative error between two consecutive iterates is at most 0.000000
4642895525790.036,4.466758173265946,9.47710692470322,2.3465085438077176e-10,3.456681602310375e-11,1510347.73001,True,2,The relative error between two consecutive iterates is at most 0.000000
4669548937705.773,4.531628652652188,10.351980579121031,2.357685715715969e-10,3.3161500897660626e-11,1489406.01574,True,2,The relative error between two consecutive iterates is at most 0.000000
4713289754793.348,4.514612607050149,9.846632125326508,2.331279735035418e-10,3.2755611803494565e-11,1638170.37584,True,1,Both actual and predicted relative reductions in the sum of squares  are at most 0.000000
4615986626100.512,3.8764532926760764,10.873069732864368,2.331900437593692e-10,3.331851337269679e-11,1633308.40708,True,2,The relative error between two consecutive iterates is at most 0.000000
4903690366156.608,4.0290999533474565,10.37690570132979,2.255988914027286e-10,3.048396093407248e-11,1622331.00933,True,3,Both actual and predicted relative reductions in the sum of squares  are at most 0.000000 and the relative error between two consecutive iterates is at   most 0.000000
4652292925040.792,4.46231317891264,10.52771884898661,2.3582532948047353e-10,3.147263177980955e-11,1538890.36264,True,3,Both actual and predicted relative reductions in the sum of squares  are at most 0.000000 and the relative error between two consecutive iterates is at   most 0.000000
4721073289320.892,4.333928553021626,10.272510677715871,2.3192705270014878e-10,3.2395856748084864e-11,1483186.3398,True,3,Both actual and predicted relative reductions in the sum of squares  are at most 0.000000 and the relative error between two consecutive iterates is at   most 0.000000
4583612092351.135,4.676686262190491,7.617930859511967,2.3885863823357806e-10,3.4118090709818705e-11,1472739.83169,True,2,The relative error between two consecutive iterates is at most 0.000000
4606748426377.706,4.339592773609799,11.628895746078047,2.366782033599541e-10,3.746598197542563e-11,1679140.91641,True,2,The relative error between two consecutive iterates is at most 0.000000
4630291967957.894,4.255743640142744,11.276359943097983,2.352584198165309e-10,3.408108810298013e-11,1710621.56542,True,2,The relative error between two consecutive iterates is at most 0.000000
4478622199411.823,4.468934667837463,12.024042872465245,2.4033462285833997e-10,2.5082720441927742e-11,1676529.84981,True,3,Both actual and predicted relative reductions in the sum of squares  are at most 0.000000 and the relative error between two consecutive iterates is at   most 0.000000
4494149848329.616,4.039168728972502,10.94467779089021,2.3641677981594743e-10,3.245666440269174e-11,1683186.267,True,2,The relative error between two consecutive iterates is at most 0.000000
4336040570861.5127,4.600098915619413,10.97822174366793,2.4580686634119783e-10,3.3857206144019805e-11,1455205.1393,True,3,Both actual and predicted relative reductions in the sum of squares  are at most 0.000000 and the relative error between two consecutive iterates is at   most 0.000000
4484504763148.603,4.351463235352225,10.6639255533048,2.4068425305411357e-10,3.1445957731440025e-11,1418042.05341,True,2,The relative error between two consecutive iterates is at most 0.000000
4652201341433.587,4.533064318045058,9.659735031055499,2.365288251138114e-10,3.312922801940868e-11,1362074.84907,True,2,The relative error between two consecutive iterates is at most 0.000000
4738799729831.272,4.356165677011543,9.876186826634429,2.3188116782803704e-10,3.3554659199246785e-11,1447721.94866,True,3,Both actual and predicted relative reductions in the sum of squares  are at most 0.000000 and the relative error between two consecutive iterates is at   most 0.000000
4737584474043.603,4.348225857839914,9.420959558353776,2.3175164568006893e-10,3.462981111408739e-11,1340804.35927,True,1,Both actual and predicted relative reductions in the sum of squares  are at most 0.000000
4583305559574.308,4.248763431525811,9.291423345988834,2.357777861211678e-10,3.617972005639463e-11,1532636.95563,True,2,The relative error between two consecutive iterates is at most 0.000000
4021744198673.6006,4.4040774894380075,11.536903414425074,2.555478233443137e-10,3.173838138165268e-11,1697380.54164,True,2,The relative error between two consecutive iterates is at most 0.000000
5099330653132.614,4.133501179040665,10.974861308940584,2.2231074208706555e-10,3.064407540802194e-11,1686058.68952,True,2,The relative error between two consecutive iterates is at most 0.000000
4496681813036.193,4.288512086592506,9.6143329110994,2.3906643089956895e-10,3.1315895763617925e-11,1325924.23134,True,2,The relative error between two consecutive iterates is at most 0.000000
4941353493132.046,4.045435515459848,9.774319857481968,2.24759484341765e-10,2.6747671110486923e-11,1410926.61527,True,2,The relative error between two consecutive iterates is at most 0.000000
4089877675663.072,4.6839158936392815,10.532195544773183,2.552229803063678e-10,3.842110472668854e-11,1580858.01752,True,3,Both actual and predicted relative reductions in the sum of squares  are at most 0.000000 and the relative error between two consecutive iterates is at   most 0.000000
4837459990059.416,4.324851099298266,9.542925254571093,2.300226718090192e-10,3.011005961602346e-11,1643877.15331,True,2,The relative error between two consecutive iterates is at most 0.000000
4719269953614.155,4.102956129417883,11.25309771691292,2.3171809720808437e-10,3.120791290394072e-11,1520751.59529,True,2,The relative error between two consecutive iterates is at most 0.000000
4383755726722.36,4.350060997717559,10.405263499789225,2.4170108251674634e-10,3.888176700140764e-11,1569229.10862,True,2,The relative error between two consecutive iterates is at most 0.000000
4768998627282.428,4.553027030376202,9.99744872463644,2.33574902180349e-10,3.2033875313715575e-11,1562025.07749,True,3,Both actual and predicted relative reductions in the sum of squares  are at most 0.000000 and the relative error between two consecutive iterates is at   most 0.000000
4646080922343.257,4.5832985594091795,9.810915733225796,2.3694773307910287e-10,3.2163120391326094e-11,1504174.22585,True,2,The relative error between two consecutive iterates is at most 0.000000
4670743437481.735,4.309149385727292,11.335193874480526,2.3604894766396673e-10,3.9598483614698135e-11,1699094.68901,True,2,The relative error between two consecutive iterates is at most 0.000000
4183957036146.247,4.951688980625067,11.432825848181194,2.527149143325731e-10,3.666832582407794e-11,1390599.78893,True,2,The relative error between two consecutive iterates is at most 0.000000
4531786485892.156,4.75577947495194,9.241325517117833,2.396384852801343e-10,2.9236786805216964e-11,1430586.90104,True,2,The relative error between two consecutive iterates is at most 0.000000
4792630711269.267,4.126651764561828,9.854918384568363,2.2976193490355322e-10,3.3058765820156296e-11,1597279.03443,True,3,Both actual and predicted relative reductions in the sum of squares  are at most 0.000000 and the relative error between two consecutive iterates is at   most 0.000000
4782631372898.115,4.4555879095487745,9.700803922230124,2.3142323964691614e-10,3.1213904770735016e-11,1460874.34748,True,3,Both actual and predicted relative reductions in the sum of squares  are at most 0.000000 and the relative error between two consecutive iterates is at   most 0.000000
4438030264766.032,4.406432460224567,10.98055262297017,2.4107902710956043e-10,3.0493033245133594e-11,1818452.92913,True,2,The relative error between two consecutive iterates is at most 0.000000
4652830341002.748,4.43935140803423,9.891561291226228,2.352536968049453e-10,3.3212498307009566e-11,1812540.8429,True,3,Both actual and predicted relative reductions in the sum of squares  are at most 0.000000 and the relative error between two consecutive iterates is at   most 0.000000
4917939811592.988,4.112568337935051,10.022671268764494,2.2667277446527965e-10,3.548958758256066e-11,1335710.99564,True,2,The relative error between two consecutive iterates is at most 0.000000
4805281542746.18,4.33525455561047,11.490425495608356,2.3007046524976413e-10,3.26170284035507e-11,1734659.07139,True,3,Both actual and predicted relative reductions in the sum of squares  are at most 0.000000 and the relative error between two consecutive iterates is at   most 0.000000
4701173864283.726,4.2443439010592545,9.944385915596827,2.321095894015407e-10,3.32468637020506e-11,1507047.62281,True,2,The relative error between two consecutive iterates is at most 0.000000
4569771614033.299,4.537517252669526,11.08525316364718,2.4074191763986027e-10,3.3322852121293125e-11,1401425.97091,True,2,The relative error between two consecutive iterates is at most 0.000000
4362798190415.2666,4.0489948217528235,10.948626803520524,2.4212095902413106e-10,3.2845177603534145e-11,1608888.02537,True,3,Both actual and predicted relative reductions in the sum of squares  are at most 0.000000 and the relative error between two consecutive iterates is at   most 0.000000
4830965431893.917,4.554241384606456,10.533436147284668,2.3138593220387318e-10,3.270686098549276e-11,1832482.25596,True,1,Both actual and predicted relative reductions in the sum of squares  are at most 0.000000
4780669114121.123,4.315094705876755,9.0845942451308,2.3055287355144442e-10,3.177315892828541e-11,1536394.84128,True,2,The relative error between two consecutive iterates is at most 0.000000
4683691329430.267,4.454730578161894,10.221951235937265,2.349636743881629e-10,3.237714056486676e-11,1520258.57104,True,2,The relative error between two consecutive iterates is at most 0.000000
4647308746282.275,4.168125638769766,10.691426939339058,2.3412336158432285e-10,3.5309814709780634e-11,1389504.49509,True,2,The relative error between two consecutive iterates is at most 0.000000
4264264952325.3335,4.511770351643172,11.418206335603994,2.475020582959221e-10,3.363609074508119e-11,1402504.93238,True,1,Both actual and predicted relative reductions in the sum of squares  are at most 0.000000
4635791734896.238,4.6685076610808185,11.986067528709308,2.368304004067901e-10,3.617915390379029e-11,1453133.74286,True,2,The relative error between two consecutive iterates is at most 0.000000
4808223990141.24,4.327307268810316,9.425409291914049,2.2980556538864347e-10,3.0684411442297976e-11,1591817.1188,True,3,Both actual and predicted relative reductions in the sum of squares  are at most 0.000000 and the relative error between two consecutive iterates is at   most 0.000000
4708224817244.625,4.426155268737011,10.5997801422202,2.3275131488621437e-10,3.2032727285345325e-11,1609806.48494,True,3,Both actual and predicted relative reductions in the sum of squares  are at most 0.000000 and the relative error between two consecutive iterates is at   most 0.000000
4724269808105.489,4.307957646519824,9.911456224056254,2.3147059770701226e-10,3.035317082010065e-11,1389119.88267,True,2,The relative error between two consecutive iterates is at most 0.000000
4765603928195.779,4.050866884598275,12.42306340392829,2.2981041433321575e-10,3.380916795691339e-11,1609930.78508,True,3,Both actual and predicted relative reductions in the sum of squares  are at most 0.000000 and the relative error between two consecutive iterates is at   most 0.000000
4234008753855.2163,4.415344357610291,10.064007337821094,2.4659138231822787e-10,3.9549993744091074e-11,1478216.05035,True,2,The relative error between two consecutive iterates is at most 0.000000
4556140310010.107,4.359000126042187,10.115571154614237,2.3791178977319806e-10,3.513627902646847e-11,1532688.50337,True,3,Both actual and predicted relative reductions in the sum of squares  are at most 0.000000 and the relative error between two consecutive iterates is at   most 0.000000
5092551818085.3545,4.120701645757511,10.33837690201983,2.2184857238574624e-10,3.132062927773199e-11,1413578.97734,True,2,The relative error between two consecutive iterates is at most 0.000000
4694819495627.497,4.373554575113757,9.136565866935582,2.3457388269104406e-10,3.0937307610935103e-11,1529208.70802,True,3,Both actual and predicted relative reductions in the sum of squares  are at most 0.000000 and the relative error between two consecutive iterates is at   most 0.000000
4234080351317.386,4.363074737647585,10.984866305322495,2.4631930090348877e-10,3.7590585185500394e-11,1564496.95756,True,2,The relative error between two consecutive iterates is at most 0.000000
4809451254123.865,4.302471675881422,11.269271238445095,2.3120363631285058e-10,2.95343309777316e-11,1527435.05181,True,3,Both actual and predicted relative reductions in the sum of squares  are at most 0.000000 and the relative error between two consecutive iterates is at   most 0.000000
4680266304012.787,4.3182548552942706,10.731692427456153,2.3393428211818427e-10,3.2287359652613825e-11,1474556.30023,True,3,Both actual and predicted relative reductions in the sum of squares  are at most 0.000000 and the relative error between two consecutive iterates is at   most 0.000000
4616757751740.094,4.327114105529651,8.818433671220774,2.361435132039584e-10,3.285940739631493e-11,1348002.26724,True,3,Both actual and predicted relative reductions in the sum of squares  are at most 0.000000 and the relative error between two consecutive iterates is at   most 0.000000
4990300151077.269,4.085072124299967,11.08906703748417,2.2453901310021265e-10,3.282196253681062e-11,1547876.66173,True,3,Both actual and predicted relative reductions in the sum of squares  are at most 0.000000 and the relative error between two consecutive iterates is at   most 0.000000
4896382530280.73,4.179872124734905,9.451134935850737,2.276988559475244e-10,2.757867450602507e-11,1532023.77475,True,2,The relative error between two consecutive iterates is at most 0.000000
5047329016300.085,4.18091494615235,10.016479099064016,2.237306713790178e-10,2.9000821166968257e-11,1641524.88262,True,2,The relative error between two consecutive iterates is at most 0.000000
4461425623496.346,4.527097462872613,11.097406617382482,2.4010344065925323e-10,3.542076587632929e-11,1557476.29145,True,2,The relative error between two consecutive iterates is at most 0.000000
4461358216424.959,4.949409419018782,9.93302945997899,2.436713775213047e-10,3.394970772206247e-11,1580490.21023,True,2,The relative error between two consecutive iterates is at most 0.000000
4424947266995.383,4.623789258508006,10.288747972769004,2.4338498208951985e-10,3.402816077766149e-11,1552438.17741,True,2,The relative error between two consecutive iterates is at most 0.000000
4814166952408.265,4.178007764165947,10.735037034381454,2.301863642382507e-10,2.8119126426510866e-11,1499412.12312,True,2,The relative error between two consecutive iterates is at most 0.000000
4616498876678.368,4.59399586882818,9.990288439876913,2.366744403536972e-10,3.624787589689012e-11,1656329.01807,True,2,The relative error between two consecutive iterates is at most 0.000000
4160027631896.902,4.249701734543551,12.256864415546204,2.488308758403113e-10,3.125671981752913e-11,1797886.97613,True,2,The relative error between two consecutive iterates is at most 0.000000
4836373046063.168,4.327368534058565,9.986776307024677,2.295328804467833e-10,3.0988425440093706e-11,1463942.90378,True,3,Both actual and predicted relative reductions in the sum of squares  are at most 0.000000 and the relative error between two consecutive iterates is at   most 0.000000
4996114165452.831,4.294805924555861,9.152793394276792,2.2486975349854558e-10,2.8981857055108503e-11,1348289.25583,True,3,Both actual and predicted relative reductions in the sum of squares  are at most 0.000000 and the relative error between two consecutive iterates is at   most 0.000000
4297236122957.367,4.7028360805394165,9.971479978345378,2.466781663131308e-10,3.343923062308149e-11,1631893.37295,True,3,Both actual and predicted relative reductions in the sum of squares  are at most 0.000000 and the relative error between two consecutive iterates is at   most 0.000000
4572883290928.31,4.759851616693784,10.687780162875478,2.389043929790997e-10,3.126980016575788e-11,1602379.41084,True,1,Both actual and predicted relative reductions in the sum of squares  are at most 0.000000
4545234112235.968,4.266186440415641,9.776930219849799,2.373451823849136e-10,3.083827013308188e-11,1586483.93124,True,2,The relative error between two consecutive iterates is at most 0.000000
4749294772900.45,4.450098852327232,10.974249492748095,2.3320904651758707e-10,2.7264126987995935e-11,1512930.13592,True,2,The relative error between two consecutive iterates is at most 0.000000
4382754298421.3325,4.2475490974269725,10.042559377471788,2.427214238803997e-10,3.5297213993952946e-11,1366688.34495,True,3,Both actual and predicted relative reductions in the sum of squares  are at most 0.000000 and the relative error between two consecutive iterates is at   most 0.000000
4659389246001.585,4.109403437812329,9.005620750791723,2.331414038878363e-10,2.996472599300736e-11,1611534.54247,True,3,Both actual and predicted relative reductions in the sum of squares  are at most 0.000000 and the relative error between two consecutive iterates is at   most 0.000000
4656882085410.598,4.666461170108332,9.990910650859938,2.362457756385191e-10,3.370611803828793e-11,1569083.18617,True,2,The relative error between two consecutive iterates is at most 0.000000
4391300769835.1504,4.4815375416362615,10.73294327470139,2.436395288983583e-10,3.5476553169394773e-11,1670386.23102,True,2,The relative error between two consecutive iterates is at most 0.000000
4850759062212.554,4.560906104581285,7.446302740794314,2.3111198276172835e-10,3.295810947969062e-11,1470921.95278,True,3,Both actual and predicted relative reductions in the sum of squares  are at most 0.000000 and the relative error between two consecutive iterates is at   most 0.000000
4527502931678.396,4.308364986151888,10.458245041206572,2.380793597063e-10,3.174158234725933e-11,1737800.14918,True,3,Both actual and predicted relative reductions in the sum of squares  are at most 0.000000 and the relative error between two consecutive iterates is at   most 0.000000
4452540528469.146,4.70487051368694,10.10089175705539,2.4253431331119743e-10,3.390367203502028e-11,1656625.78504,True,1,Both actual and predicted relative reductions in the sum of squares  are at most 0.000000
4866425130925.132,4.468700684046793,8.978903784093015,2.3047426545092552e-10,3.220072534632665e-11,1552758.47211,True,2,The relative error between two consecutive iterates is at most 0.000000
4730601052513.871,4.3428264429839345,9.351776620958708,2.3191083525851385e-10,3.572560116833858e-11,1414529.47949,True,2,The relative error between two consecutive iterates is at most 0.000000
4447019393765.279,4.585986507290594,10.287527474429396,2.422079401289103e-10,3.189436157572644e-11,1842620.96773,True,3,Both actual and predicted relative reductions in the sum of squares  are at most 0.000000 and the relative error between two consecutive iterates is at   most 0.000000
4828908166051.461,4.197753691480969,9.143664167021287,2.2841454065282335e-10,3.685451759238002e-11,1582545.00829,True,2,The relative error between two consecutive iterates is at most 0.000000
4645857399273.486,4.89243142220394,10.089969324828289,2.379850244587115e-10,3.145421384866789e-11,1449297.39426,True,2,The relative error between two consecutive iterates is at most 0.000000
4710110454728.251,4.236957407080288,10.157185448225627,2.330969138917509e-10,3.018006148226433e-11,1452409.89668,True,2,The relative error between two consecutive iterates is at most 0.000000
4343795935057.3877,4.531602948952417,11.211444263364962,2.4552570867501697e-10,3.751784336565203e-11,1494857.70157,True,2,The relative error between two consecutive iterates is at most 0.000000
4607956422411.474,4.067417255379762,10.667995254500152,2.366418977668941e-10,3.815062079509311e-11,1748392.6742,True,2,The relative error between two consecutive iterates is at most 0.000000
4794057123991.9375,4.231036725773059,11.769278710247821,2.3059982316999344e-10,2.514535477206247e-11,1401763.92199,True,2,The relative error between two consecutive iterates is at most 0.000000
4838118982921.645,4.284042865016447,9.822443585281096,2.3011559294656482e-10,3.2646300053297265e-11,1705038.22217,True,3,Both actual and predicted relative reductions in the sum of squares  are at most 0.000000 and the relative error between two consecutive iterates is at   most 0.000000
4407019371978.535,4.884012755186618,9.866973368136039,2.451540957973359e-10,3.620382616834866e-11,1591334.69743,True,2,The relative error between two consecutive iterates is at most 0.000000
4599533969259.122,4.469607613167587,9.258555972540506,2.3813573498473536e-10,3.477615163188481e-11,1557983.5487,True,3,Both actual and predicted relative reductions in the sum of squares  are at most 0.000000 and the relative error between two consecutive iterates is at   most 0.000000
4344251253348.32,4.781938884061597,10.054084010027942,2.4703334736796594e-10,3.198092857104657e-11,1451894.1761,True,2,The relative error between two consecutive iterates is at most 0.000000
4933509940527.234,4.124628777651348,10.10723736034205,2.2875777048365094e-10,3.0249196837670084e-11,1531964.98928,True,2,The relative error between two consecutive iterates is at most 0.000000
4548503519584.411,4.039106619388772,10.340641563416145,2.3479328941274746e-10,3.0094643109636814e-11,1470398.1631,True,1,Both actual and predicted relative reductions in the sum of squares  are at most 0.000000
4682836458898.285,4.406787106558578,10.392887297209146,2.3405469990138067e-10,3.383829014426774e-11,1579454.32257,True,2,The relative error between two consecutive iterates is at most 0.000000
4449517442890.276,4.403144423114164,9.480277430723522,2.4077561053040755e-10,3.322356376497642e-11,1439446.68196,True,2,The relative error between two consecutive iterates is at most 0.000000
4437645568965.6,4.7294782490998655,11.061010997818515,2.425632446857665e-10,3.5544652392190735e-11,1505973.3705,True,2,The relative error between two consecutive iterates is at most 0.000000
4372703594566.0483,4.442673609144321,11.248156062290482,2.4393234102339187e-10,3.292026025699796e-11,1519657.37341,True,3,Both actual and predicted relative reductions in the sum of squares  are at most 0.000000 and the relative error between two consecutive iterates is at   most 0.000000
4336451613515.059,4.483423688577684,11.574343512871714,2.4503068231070005e-10,3.296646796443613e-11,1460215.52868,True,3,Both actual and predicted relative reductions in the sum of squares  are at most 0.000000 and the relative error between two consecutive iterates is at   most 0.000000
5040673618977.435,4.102249313473981,9.701973781731683,2.2347813870523828e-10,3.118971469616033e-11,1708357.27625,True,3,Both actual and predicted relative reductions in the sum of squares  are at most 0.000000 and the relative error between two consecutive iterates is at   most 0.000000
4540342134331.071,4.765640405552145,11.344394037177317,2.407694491087993e-10,3.4269491875312034e-11,1468440.2778,True,3,Both actual and predicted relative reductions in the sum of squares  are at most 0.000000 and the relative error between two consecutive iterates is at   most 0.000000
4882849129620.367,4.164195801644992,12.212206117438276,2.281070322411564e-10,3.0619373886001174e-11,1715511.03334,True,3,Both actual and predicted relative reductions in the sum of squares  are at most 0.000000 and the relative error between two consecutive iterates is at   most 0.000000
4636859001032.599,4.269977411387782,11.070645352008228,2.348101106990123e-10,3.7764642532212515e-11,1438948.05872,True,2,The relative error between two consecutive iterates is at most 0.000000
4504087305133.091,4.357043438021905,10.583553345423601,2.389845284267761e-10,3.553859359332192e-11,1563772.94436,True,3,Both actual and predicted relative reductions in the sum of squares  are at most 0.000000 and the relative error between two consecutive iterates is at   most 0.000000
4481836877164.7295,4.595901949388634,11.171380595520889,2.4149421060340954e-10,3.425992654816899e-11,1481632.15491,True,3,Both actual and predicted relative reductions in the sum of squares  are at most 0.000000 and the relative error between two consecutive iterates is at   most 0.000000
5117401273090.318,4.130945326195931,9.413998557588316,2.2184577728304807e-10,2.9867875379812416e-11,1311494.3365,True,3,Both actual and predicted relative reductions in the sum of squares  are at most 0.000000 and the relative error between two consecutive iterates is at   most 0.000000
4689000480150.085,4.224075274625195,10.817406105104693,2.3395217107531676e-10,3.4079499968592976e-11,1632970.64267,True,2,The relative error between two consecutive iterates is at most 0.000000
4697640703617.208,4.3024838628899955,10.172409212915616,2.3367145906519897e-10,3.196833327412764e-11,1662115.46148,True,2,The relative error between two consecutive iterates is at most 0.000000
4608492659492.886,4.401999764906658,11.1269131920456,2.367598848585932e-10,3.720000796965555e-11,1710298.57463,True,2,The relative error between two consecutive iterates is at most 0.000000
4501962282855.682,4.601368675961068,10.857397910540419,2.414192514915915e-10,3.2539060996021816e-11,1614817.57725,True,2,The relative error between two consecutive iterates is at most 0.000000
4553770934562.594,4.802630820694745,10.548959524600201,2.4203349632263083e-10,3.1373714276960725e-11,1366755.58817,True,3,Both actual and predicted relative reductions in the sum of squares  are at most 0.000000 and the relative error between two consecutive iterates is at   most 0.000000
4859068981892.869,4.362093420733101,9.775468520109257,2.2933787559946723e-10,3.2807424522154925e-11,1461671.29274,True,2,The relative error between two consecutive iterates is at most 0.000000
4467047556449.821,4.732048739140638,10.711304711422663,2.419191069295542e-10,3.448622381882114e-11,1278082.3663,True,2,The relative error between two consecutive iterates is at most 0.000000
4693270394473.195,4.309044323597755,10.855252968422144,2.3292371704814326e-10,3.158691545952824e-11,1530419.67748,True,3,Both actual and predicted relative reductions in the sum of squares  are at most 0.000000 and the relative error between two consecutive iterates is at   most 0.000000
4960216235723.191,3.9818144183432373,9.043804998580812,2.2392250900786293e-10,2.988644864141349e-11,1433937.23906,True,2,The relative error between two consecutive iterates is at most 0.000000
4910985886163.43,4.151767110687163,11.148664994927545,2.285474911255131e-10,2.990603564254879e-11,1559057.11484,True,3,Both actual and predicted relative reductions in the sum of squares  are at most 0.000000 and the relative error between two consecutive iterates is at   most 0.000000
4591798829646.785,4.509807612946337,11.591327494623693,2.375822033197109e-10,3.2608693314473796e-11,1585209.92798,True,2,The relative error between two consecutive iterates is at most 0.000000
4646596108299.095,4.549830562501729,8.766212854170371,2.3556472324110033e-10,3.2192326210782984e-11,1446150.71521,True,2,The relative error between two consecutive iterates is at most 0.000000
4422870564579.314,4.768369488693498,8.66016121141202,2.4392281450081573e-10,3.489999290643836e-11,1494466.25379,True,2,The relative error between two consecutive iterates is at most 0.000000
4598116489613.79,4.411791078482209,9.640954338410713,2.3624169428204606e-10,3.429321779597187e-11,1441319.92691,True,2,The relative error between two consecutive iterates is at most 0.000000
4775345396677.838,4.090143873493581,9.98268006526607,2.31005765502071e-10,3.26600636941797e-11,1504664.79084,True,2,The relative error between two consecutive iterates is at most 0.000000
4702159053283.144,4.226938735590768,11.457013957161458,2.335908523385041e-10,3.0881091155463986e-11,1545143.87317,True,2,The relative error between two consecutive iterates is at most 0.000000
4753802699771.14,4.17392818003764,10.517494647174649,2.3158523315932631e-10,3.332081793590986e-11,1531312.53717,True,2,The relative error between two consecutive iterates is at most 0.000000
4392417851446.975,4.273983714855486,10.20603740218959,2.422196058454828e-10,3.3656582720448633e-11,1509101.00695,True,2,The relative error between two consecutive iterates is at most 0.000000
4458586162572.831,4.2985125121294985,11.936360803285707,2.4054559247492296e-10,3.380402062659915e-11,1719170.32663,True,2,The relative error between two consecutive iterates is at most 0.000000
4834757383681.312,4.362885351347006,8.727673123854343,2.300763131865264e-10,3.46997085571879e-11,1507054.43219,True,3,Both actual and predicted relative reductions in the sum of squares  are at most 0.000000 and the relative error between two consecutive iterates is at   most 0.000000
4235247049934.9624,4.753478554842093,11.106441863694867,2.503995682734091e-10,4.203940911072169e-11,1393669.68357,True,2,The relative error between two consecutive iterates is at most 0.000000
4404602405813.04,4.223702972536972,11.99950011708837,2.4154185146208174e-10,3.445776058829258e-11,1758320.15353,True,2,The relative error between two consecutive iterates is at most 0.000000
4927772647184.383,4.134260255748763,9.969139600229063,2.2494757298863342e-10,2.7910214456696098e-11,1505942.42679,True,2,The relative error between two consecutive iterates is at most 0.000000
4304566396716.842,4.968962456462778,10.241269164451756,2.495055586787385e-10,3.6381000336870335e-11,1338122.72557,True,3,Both actual and predicted relative reductions in the sum of squares  are at most 0.000000 and the relative error between two consecutive iterates is at   most 0.000000
4691454747384.284,4.44435323937666,9.862143316011359,2.335895258046095e-10,3.373352644563602e-11,1715272.86765,True,2,The relative error between two consecutive iterates is at most 0.000000
4371361817812.8184,5.041564298528893,9.200521886017967,2.4628147234982685e-10,3.258670383224024e-11,1603928.8797,True,2,The relative error between two consecutive iterates is at most 0.000000
4546167971950.75,4.3922176604926735,13.042707744658244,2.3830358042453723e-10,3.7287279790547285e-11,1540022.4013,True,3,Both actual and predicted relative reductions in the sum of squares  are at most 0.000000 and the relative error between two consecutive iterates is at   most 0.000000
4836361062868.789,4.402203352778954,8.798020923055127,2.2984614865948974e-10,3.3209071461398393e-11,1468963.56554,True,1,Both actual and predicted relative reductions in the sum of squares  are at most 0.000000
4511544785664.866,5.0145446969563485,9.51503711685105,2.431521965729316e-10,3.2678255351279564e-11,1471651.82089,True,2,The relative error between two consecutive iterates is at most 0.000000
4238078965945.331,4.617453537481228,10.158629389590956,2.486510296296113e-10,3.779928153855415e-11,1585089.92504,True,2,The relative error between two consecutive iterates is at most 0.000000
4542896578731.276,4.9999461987600915,8.94863544269445,2.4068507764722276e-10,3.0709452114846335e-11,1437524.00205,True,2,The relative error between two consecutive iterates is at most 0.000000
4645768090198.432,4.111229198443381,10.43792456633611,2.328302216877849e-10,3.203581716820718e-11,1476915.60133,True,2,The relative error between two consecutive iterates is at most 0.000000
5221071217642.18,3.9720086819855593,9.091019019351783,2.1947492043524976e-10,2.6723937927278256e-11,1315204.7586,True,2,The relative error between two consecutive iterates is at most 0.000000
4144956553403.144,4.833477422799178,10.97677079517341,2.543451689228818e-10,3.361061027696587e-11,1511879.93907,True,2,The relative error between two consecutive iterates is at most 0.000000
4518572561896.8125,4.200371224734369,11.46334809862873,2.3782265180151446e-10,3.3232749745814205e-11,1431917.66363,True,2,The relative error between two consecutive iterates is at most 0.000000
4134938916632.321,4.6026948819956806,11.28286247249525,2.514738558349711e-10,3.4053545058227595e-11,1461598.38892,True,2,The relative error between two consecutive iterates is at most 0.000000
4653459410115.709,4.440632147633526,8.456212848030676,2.3541583152520326e-10,3.0099790414956194e-11,1584984.2015,True,2,The relative error between two consecutive iterates is at most 0.000000
4521861122797.754,4.530737834801489,12.822585288452226,2.419580317793663e-10,3.4630685998213874e-11,1401554.88755,True,2,The relative error between two consecutive iterates is at most 0.000000
5029984188533.717,3.825436370534853,12.035417106560985,2.2171019633294584e-10,2.8100204770187668e-11,1459995.49855,True,3,Both actual and predicted relative reductions in the sum of squares  are at most 0.000000 and the relative error between two consecutive iterates is at   most 0.000000
4447760507282.731,4.811515936679767,11.056616344314193,2.435752461071872e-10,3.31674181198683e-11,1714159.69458,True,2,The relative error between two consecutive iterates is at most 0.000000
4473616847302.691,4.529949687963825,10.098402498511641,2.4207726460316266e-10,3.359201737853171e-11,1698664.4384,True,2,The relative error between two consecutive iterates is at most 0.000000
4426273230828.191,4.538524405578728,9.375794768434018,2.416514755811241e-10,3.764648250739057e-11,1645632.99262,True,2,The relative error between two consecutive iterates is at most 0.000000
4383993853408.43,4.663669013280629,10.141814803431306,2.4406008060225147e-10,3.6191612345655694e-11,1562721.26233,True,2,The relative error between two consecutive iterates is at most 0.000000
4321207030689.4243,3.9871361121424123,13.007871152601345,2.4411380021240434e-10,3.4222506817957e-11,1603560.27849,True,2,The relative error between two consecutive iterates is at most 0.000000
4812205819922.55,4.440268304650956,9.994318802417384,2.3074351265126515e-10,3.0251408805722065e-11,1487780.82854,True,2,The relative error between two consecutive iterates is at most 0.000000
4492315530390.656,4.448234323210847,12.041916650057447,2.415721625680445e-10,3.44094704335933e-11,1549868.49024,True,2,The relative error between two consecutive iterates is at most 0.000000
4451494991779.243,4.608694964039507,10.903418999566847,2.409254166176723e-10,3.530520073940173e-11,1668277.19744,True,3,Both actual and predicted relative reductions in the sum of squares  are at most 0.000000 and the relative error between two consecutive iterates is at   most 0.000000
4678377520680.891,4.5931329869954505,9.266950621671185,2.3518650505313476e-10,2.6338180216959234e-11,1386783.29344,True,2,The relative error between two consecutive iterates is at most 0.000000
4811901320809.771,4.49122461447067,11.939868512987676,2.3085440665159158e-10,3.46581982069986e-11,1661856.86242,True,2,The relative error between two consecutive iterates is at most 0.000000
4913935734558.704,4.60340250604445,10.009515494812645,2.2929636064414166e-10,2.9210581511301786e-11,1609363.69828,True,3,Both actual and predicted relative reductions in the sum of squares  are at most 0.000000 and the relative error between two consecutive iterates is at   most 0.000000
4401660276374.234,4.886101183806616,10.099214596171624,2.451022602482193e-10,3.046143523633653e-11,1283168.30545,True,2,The relative error between two consecutive iterates is at most 0.000000
4983313930792.292,4.250917238907158,10.129225431350385,2.2668097261862892e-10,2.8874854323838635e-11,1432776.78082,True,2,The relative error between two consecutive iterates is at most 0.000000
4493203928871.842,4.332390094149741,10.273098762832737,2.400608098241606e-10,3.5890031389169935e-11,1613720.58268,True,3,Both actual and predicted relative reductions in the sum of squares  are at most 0.000000 and the relative error between two consecutive iterates is at   most 0.000000
4774868352758.0,4.301868535251489,10.342301391948759,2.2964335452556482e-10,3.4343652220629816e-11,1463542.56387,True,2,The relative error between two consecutive iterates is at most 0.000000
4679997441920.654,4.3854852270653835,9.933342451444505,2.3314140898334856e-10,3.194588460328724e-11,1479907.4991,True,1,Both actual and predicted relative reductions in the sum of squares  are at most 0.000000
4496932095502.879,4.859742587879801,8.958706248293648,2.415380408017501e-10,3.410123294923573e-11,1641604.33782,True,3,Both actual and predicted relative reductions in the sum of squares  are at most 0.000000 and the relative error between two consecutive iterates is at   most 0.000000
4487357320313.799,4.917898568117913,9.808021421137767,2.428755462211542e-10,3.219833818989437e-11,1501583.14653,True,2,The relative error between two consecutive iterates is at most 0.000000
4154730622557.1123,4.606125801407893,10.257646129833422,2.5187149066272527e-10,3.3266557247592265e-11,1486656.28914,True,2,The relative error between two consecutive iterates is at most 0.000000
4619517348192.914,4.615751467080004,10.062290740838886,2.3664216450840186e-10,3.110852578979568e-11,1778939.77194,True,2,The relative error between two consecutive iterates is at most 0.000000
4395311622667.7603,5.2039699433125355,10.343342071114028,2.4765357721744584e-10,3.545287929017361e-11,1445617.83617,True,2,The relative error between two consecutive iterates is at most 0.000000
4595153004257.218,4.480199240818452,9.875305327093868,2.3544844188560326e-10,3.372590978000965e-11,1598909.52149,True,3,Both actual and predicted relative reductions in the sum of squares  are at most 0.000000 and the relative error between two consecutive iterates is at   most 0.000000
4469491754540.727,4.45763464145538,10.147433811398022,2.4064464292700765e-10,3.0593647658210806e-11,1559576.24708,True,2,The relative error between two consecutive iterates is at most 0.000000
4398107375203.592,5.274599247069277,11.239869557683406,2.485167674512221e-10,3.500686417064571e-11,1711708.83021,True,1,Both actual and predicted relative reductions in the sum of squares  are at most 0.000000
4631558457180.248,4.762597976160879,11.334184012434296,2.383879125690206e-10,3.236552335922132e-11,1586231.89078,True,1,Both actual and predicted relative reductions in the sum of squares  are at most 0.000000
4636796651426.708,4.095534194922238,11.131973050642511,2.336279476429518e-10,3.2789864410093364e-11,1522656.17524,True,2,The relative error between two consecutive iterates is at most 0.000000
4649451282743.192,4.363845253172465,10.193862950557063,2.3463422741664435e-10,3.0927210848816473e-11,1466126.37323,True,3,Both actual and predicted relative reductions in the sum of squares  are at most 0.000000 and the relative error between two consecutive iterates is at   most 0.000000
4826465932337.395,4.306418029500377,9.975676197963665,2.2862013747593328e-10,3.0085477291873396e-11,1465671.72659,True,2,The relative error between two consecutive iterates is at most 0.000000
4316098077677.361,4.627285606077929,10.263724273485645,2.466073223533762e-10,3.839054762593691e-11,1571435.26513,True,2,The relative error between two consecutive iterates is at most 0.000000
4697551131085.909,4.295630153358578,10.919027866775036,2.3368406500627337e-10,3.042961145822971e-11,1486327.85689,True,2,The relative error between two consecutive iterates is at most 0.000000
4561381100443.012,4.656141014015085,11.05959686791635,2.3889492847963715e-10,3.270476875688304e-11,1498231.57889,True,2,The relative error between two consecutive iterates is at most 0.000000
4754027121732.727,4.513841165669863,10.146378112426893,2.326689625112861e-10,2.9056462735668637e-11,1452174.51884,True,2,The relative error between two consecutive iterates is at most 0.000000
4586418992918.981,4.337096231214495,11.74669756138583,2.357068641387121e-10,3.380440910581749e-11,1754694.08984,True,2,The relative error between two consecutive iterates is at most 0.000000
4694329841063.159,4.417615653152922,10.689874971362242,2.3355892666128937e-10,3.0983212453723105e-11,1540813.76829,True,3,Both actual and predicted relative reductions in the sum of squares  are at most 0.000000 and the relative error between two consecutive iterates is at   most 0.000000
4601641631899.049,4.415132857753854,10.603090447272587,2.3678457326199757e-10,3.3986096425734525e-11,1605568.16689,True,2,The relative error between two consecutive iterates is at most 0.000000
4499678205556.554,4.284224139471641,10.564104757700607,2.4001189314726535e-10,3.430848307160789e-11,1417673.42061,True,2,The relative error between two consecutive iterates is at most 0.000000
4816737396925.898,4.564087568809951,9.965751054952657,2.3107766900938256e-10,3.069367178689955e-11,1603332.99816,True,3,Both actual and predicted relative reductions in the sum of squares  are at most 0.000000 and the relative error between two consecutive iterates is at   most 0.000000
4452163597212.231,4.550343271179234,11.969919592891232,2.422214002429999e-10,3.673320714567148e-11,1535027.8636,True,2,The relative error between two consecutive iterates is at most 0.000000
4997466497562.304,4.3734426515458855,8.374156193473445,2.2500836892575363e-10,2.960710712379246e-11,1383611.37435,True,3,Both actual and predicted relative reductions in the sum of squares  are at most 0.000000 and the relative error between two consecutive iterates is at   most 0.000000
4463263885881.435,4.717938954413745,11.876480185660817,2.4269544956162855e-10,3.8207733437121623e-11,1751689.61437,True,1,Both actual and predicted relative reductions in the sum of squares  are at most 0.000000
4539913013243.379,4.583078912372178,9.559316386037233,2.386326814669508e-10,3.20093521035813e-11,1414527.94474,True,2,The relative error between two consecutive iterates is at most 0.000000
4810334081977.04,4.200720741563213,11.00824634897746,2.3016642473094207e-10,3.8455413647543496e-11,1564031.7143,True,2,The relative error between two consecutive iterates is at most 0.000000
4327335968804.92,4.566322120720638,10.258698674429427,2.456604671952015e-10,3.533681644870629e-11,1240918.19478,True,2,The relative error between two consecutive iterates is at most 0.000000
4525981899896.909,4.860357051433808,10.2364042354889,2.4197356773795806e-10,3.153287168458433e-11,1374700.80292,True,3,Both actual and predicted relative reductions in the sum of squares  are at most 0.000000 and the relative error between two consecutive iterates is at   most 0.000000
4782915164838.735,4.521774744706376,10.053892702783791,2.326291777552578e-10,3.10724026539999e-11,1427207.98657,True,2,The relative error between two consecutive iterates is at most 0.000000
4378099669071.9824,4.781336966998948,10.471498241523046,2.4529998836212725e-10,3.57335399869771e-11,1535120.36403,True,2,The relative error between two consecutive iterates is at most 0.000000
4737744574361.224,3.9004816390837274,11.37196668011846,2.2979283686130869e-10,3.211703698239731e-11,1331152.57575,True,3,Both actual and predicted relative reductions in the sum of squares  are at most 0.000000 and the relative error between two consecutive iterates is at   most 0.000000
4854695675800.47,4.395844936735013,10.132654952139102,2.2862473485213095e-10,3.0177558833727545e-11,1454273.76837,True,3,Both actual and predicted relative reductions in the sum of squares  are at most 0.000000 and the relative error between two consecutive iterates is at   most 0.000000
4798897243547.454,4.287970631757652,9.5222470094356,2.309411311486131e-10,3.239019068163083e-11,1551646.50639,True,2,The relative error between two consecutive iterates is at most 0.000000
4501141865957.501,4.440711318449815,10.93022845149878,2.394628588649892e-10,3.365417298357564e-11,1375968.29406,True,2,The relative error between two consecutive iterates is at most 0.000000
4632880675816.722,4.673520789176406,8.91690374944125,2.371020907357816e-10,3.5361363389319114e-11,1520977.32089,True,3,Both actual and predicted relative reductions in the sum of squares  are at most 0.000000 and the relative error between two consecutive iterates is at   most 0.000000
4341298093738.611,4.764892668006698,11.446668295372405,2.4672263456202907e-10,3.722372188826414e-11,1438015.14926,True,2,The relative error between two consecutive iterates is at most 0.000000
4840296232891.888,4.2251901921321275,10.549355462359513,2.2837077045921128e-10,3.283997792868658e-11,1484183.94668,True,2,The relative error between two consecutive iterates is at most 0.000000
4870089608619.763,4.254880364109563,10.591445755090279,2.27655836082828e-10,3.0999246119761704e-11,1616258.55782,True,3,Both actual and predicted relative reductions in the sum of squares  are at most 0.000000 and the relative error between two consecutive iterates is at   most 0.000000
4808527747701.489,4.442183771989027,9.751094471454268,2.3098112707168037e-10,3.86169250428065e-11,1567758.82675,True,3,Both actual and predicted relative reductions in the sum of squares  are at most 0.000000 and the relative error between two consecutive iterates is at   most 0.000000
4296595407402.2856,4.479498806484341,10.224622725611967,2.4600222592593545e-10,3.596355909977875e-11,1496856.10575,True,2,The relative error between two consecutive iterates is at most 0.000000
4807909056237.306,4.809300435509914,9.299520034333218,2.331998827381953e-10,2.8860978824149558e-11,1336162.36058,True,1,Both actual and predicted relative reductions in the sum of squares  are at most 0.000000
5011719398317.485,4.02805773910869,10.472034308270265,2.2237605915990556e-10,3.1701470968072373e-11,1305357.29874,True,3,Both actual and predicted relative reductions in the sum of squares  are at most 0.000000 and the relative error between two consecutive iterates is at   most 0.000000
4301651425711.4814,5.159315980467959,9.164489660514446,2.494245162533919e-10,3.633511865935138e-11,1665597.24646,True,2,The relative error between two consecutive iterates is at most 0.000000
4698848526687.842,4.474229443173723,10.898993586687375,2.3281566997386378e-10,3.371079817482204e-11,1534844.25246,True,2,The relative error between two consecutive iterates is at most 0.000000
4311831005239.4604,4.7970070736973085,10.000389300572381,2.4764320432544134e-10,3.1248499019909845e-11,1471975.32388,True,3,Both actual and predicted relative reductions in the sum of squares  are at most 0.000000 and the relative error between two consecutive iterates is at   most 0.000000
4956230690230.853,4.136558528680662,11.470649585581166,2.2546554791989486e-10,3.2309807136242225e-11,1404992.43884,True,2,The relative error between two consecutive iterates is at most 0.000000
4545685734186.75,4.625992783620075,9.509610767455074,2.3934786226416124e-10,3.121102123143641e-11,1401938.69706,True,3,Both actual and predicted relative reductions in the sum of squares  are at most 0.000000 and the relative error between two consecutive iterates is at   most 0.000000
4822262695494.412,4.2003144439235225,10.215312441692483,2.2927975554915366e-10,2.6878288427081766e-11,1535160.63736,True,2,The relative error between two consecutive iterates is at most 0.000000
4875295651400.493,4.3769534755125505,10.860978811254814,2.2874984682486692e-10,3.011277913857344e-11,1492943.32126,True,2,The relative error between two consecutive iterates is at most 0.000000
5246075488112.798,3.99847089798024,10.473594940698657,2.1879759970403637e-10,2.9031557360149866e-11,1482137.70288,True,1,Both actual and predicted relative reductions in the sum of squares  are at most 0.000000
4445306576233.173,4.551945136815753,10.90488080903921,2.419468399196748e-10,3.3882956995880645e-11,1728099.52745,True,3,Both actual and predicted relative reductions in the sum of squares  are at most 0.000000 and the relative error between two consecutive iterates is at   most 0.000000
4408720451629.364,4.60181762296304,10.337956191586072,2.429917786536602e-10,3.504520811013851e-11,1454400.97727,True,2,The relative error between two consecutive iterates is at most 0.000000
4603971431582.6875,4.355666123646571,9.502695581388016,2.356378389674103e-10,3.179586015212877e-11,1571522.94545,True,2,The relative error between two consecutive iterates is at most 0.000000
4769716806482.513,4.444168229359514,10.635600082864524,2.3125823532339565e-10,2.9493769429831814e-11,1420640.14643,True,3,Both actual and predicted relative reductions in the sum of squares  are at most 0.000000 and the relative error between two consecutive iterates is at   most 0.000000
4617161137960.002,4.740652846473149,10.14868338569984,2.372922782051058e-10,2.961888374199781e-11,1543333.76298,True,2,The relative error between two consecutive iterates is at most 0.000000
4416295854934.736,4.482885816917573,10.942689353547735,2.430890355624219e-10,3.619180198468926e-11,1525038.0911,True,3,Both actual and predicted relative reductions in the sum of squares  are at most 0.000000 and the relative error between two consecutive iterates is at   most 0.000000
4394640204170.172,4.7817858093879,11.13210800122122,2.4545453208960234e-10,3.154869641672641e-11,1525158.48052,True,2,The relative error between two consecutive iterates is at most 0.000000
4489516146708.1045,4.519383630797358,10.707711085096156,2.401851916288885e-10,3.612033956005276e-11,1570798.41346,True,3,Both actual and predicted relative reductions in the sum of squares  are at most 0.000000 and the relative error between two consecutive iterates is at   most 0.000000
4377797494026.464,4.499326238985834,10.782233843543002,2.4366632534309623e-10,3.1528256701078913e-11,1632794.25966,True,2,The relative error between two consecutive iterates is at most 0.000000
4478653788700.796,4.966317146105852,9.858244199819113,2.435354261087119e-10,3.778380737721043e-11,1648847.42647,True,2,The relative error between two consecutive iterates is at most 0.000000
4455072039213.225,4.756960033604119,9.16852944501778,2.4435529744176794e-10,3.796754229788223e-11,1689071.477,True,3,Both actual and predicted relative reductions in the sum of squares  are at most 0.000000 and the relative error between two consecutive iterates is at   most 0.000000
4399697226315.935,4.682662104302462,9.321699035151388,2.440058036163569e-10,3.3464055191709e-11,1600149.17718,True,2,The relative error between two consecutive iterates is at most 0.000000
4743334435578.748,4.569454396303724,11.014949574823747,2.333200304876848e-10,3.046360852894345e-11,1556768.80987,True,3,Both actual and predicted relative reductions in the sum of squares  are at most 0.000000 and the relative error between two consecutive iterates is at   most 0.000000
5003815783596.139,4.430699237849127,10.809391048871118,2.262669632504265e-10,3.172165636595259e-11,1629452.72026,True,3,Both actual and predicted relative reductions in the sum of squares  are at most 0.000000 and the relative error between two consecutive iterates is at   most 0.000000
4586214862098.206,4.372965723274236,11.273178862413724,2.3641988604835186e-10,3.3860497320442657e-11,1656094.73575,True,2,The relative error between two consecutive iterates is at most 0.000000
4693666372572.974,4.287078517945364,10.355350373058576,2.3266764076558212e-10,3.306061482667715e-11,1676181.45288,True,2,The relative error between two consecutive iterates is at most 0.000000
4882059358782.466,4.239417908440681,9.335032947655176,2.267606883527719e-10,3.113737006818302e-11,1604188.65916,True,3,Both actual and predicted relative reductions in the sum of squares  are at most 0.000000 and the relative error between two consecutive iterates is at   most 0.000000
4362007055473.0864,4.545264233771935,10.248853255263823,2.442572274005601e-10,3.662604010921764e-11,1751427.59125,True,3,Both actual and predicted relative reductions in the sum of squares  are at most 0.000000 and the relative error between two consecutive iterates is at   most 0.000000
4583908981830.634,4.808547313953504,11.090315159689206,2.380493995437907e-10,3.126158937130954e-11,1417862.1059,True,2,The relative error between two consecutive iterates is at most 0.000000
4067944578966.684,5.179894920334212,11.469723092767373,2.5721936710383145e-10,3.432801385740425e-11,1646049.41316,True,2,The relative error between two consecutive iterates is at most 0.000000
4261965037530.5425,4.5694681111274145,9.917034879267293,2.4816990848067657e-10,3.294211392196462e-11,1703247.74268,True,2,The relative error between two consecutive iterates is at most 0.000000
4807619128247.272,4.4764382487883765,10.03256106675598,2.3162146797865087e-10,3.2301653542182414e-11,1677932.77419,True,3,Both actual and predicted relative reductions in the sum of squares  are at most 0.000000 and the relative error between two consecutive iterates is at   most 0.000000
4600598161983.224,4.370292843149809,11.181637789223677,2.362481309744405e-10,2.7397594012478214e-11,1540164.96765,True,3,Both actual and predicted relative reductions in the sum of squares  are at most 0.000000 and the relative error between two consecutive iterates is at   most 0.000000
4344940531759.928,4.525910937460564,10.363403773615374,2.456089105905718e-10,3.659541329599415e-11,1527635.51193,True,3,Both actual and predicted relative reductions in the sum of squares  are at most 0.000000 and the relative error between two consecutive iterates is at   most 0.000000
4836321374714.244,3.943956543348606,10.619821979606284,2.2816428015449038e-10,3.1614531929287684e-11,1456344.97467,True,1,Both actual and predicted relative reductions in the sum of squares  are at most 0.000000
4729940278683.414,4.787776484392026,9.828581354972885,2.3545483041242575e-10,3.424016418423863e-11,1623138.14946,True,2,The relative error between two consecutive iterates is at most 0.000000
4284071899802.695,4.449464665873805,11.97127564665859,2.4688738096400484e-10,3.346180448678103e-11,1451480.74163,True,2,The relative error between two consecutive iterates is at most 0.000000
4566513120636.399,4.596649395477281,10.48106137713765,2.3801317603319606e-10,3.725496700974325e-11,1517639.82609,True,3,Both actual and predicted relative reductions in the sum of squares  are at most 0.000000 and the relative error between two consecutive iterates is at   most 0.000000
4290291165919.9575,4.646402295021441,9.920463493834353,2.4767735668653077e-10,3.7858252784046366e-11,1695570.62693,True,2,The relative error between two consecutive iterates is at most 0.000000
4304941437994.144,4.51822626358711,10.198344141826288,2.468354629450269e-10,3.526010524223074e-11,1419212.80544,True,2,The relative error between two consecutive iterates is at most 0.000000
4702724423942.302,4.484504717558227,9.358880499393987,2.3370122083461726e-10,3.045898155492121e-11,1590672.74154,True,3,Both actual and predicted relative reductions in the sum of squares  are at most 0.000000 and the relative error between two consecutive iterates is at   most 0.000000
4706239596260.529,4.658653984751837,10.743909100779087,2.341170410067532e-10,2.980528522080887e-11,1465706.80284,True,2,The relative error between two consecutive iterates is at most 0.000000
4720729495013.725,4.118857332520384,10.939875142805684,2.3236532493031332e-10,3.471822788158239e-11,1537236.91982,True,2,The relative error between two consecutive iterates is at most 0.000000
4599175442452.433,4.540196168005415,9.493452581108434,2.36727024900401e-10,3.397521346344891e-11,1483919.85992,True,3,Both actual and predicted relative reductions in the sum of squares  are at most 0.000000 and the relative error between two consecutive iterates is at   most 0.000000
4818200972570.283,4.422492829950139,9.139730283283695,2.3003950148914434e-10,3.372574631442532e-11,1387871.89172,True,2,The relative error between two consecutive iterates is at most 0.000000
4445572422377.821,4.264513578708572,10.480161443119192,2.409739168276669e-10,2.6013532384360318e-11,1334219.00423,True,3,Both actual and predicted relative reductions in the sum of squares  are at most 0.000000 and the relative error between two consecutive iterates is at   most 0.000000
4786255742610.893,4.429988403946372,8.91713497281578,2.3130340356413384e-10,3.291730526771803e-11,1552739.35299,True,3,Both actual and predicted relative reductions in the sum of squares  are at most 0.000000 and the relative error between two consecutive iterates is at   most 0.000000
4801303725807.033,4.574264101820247,9.71123985670229,2.3125015366040082e-10,3.4566613639389636e-11,1501516.40746,True,1,Both actual and predicted relative reductions in the sum of squares  are at most 0.000000
4205967009861.8447,4.467099749861765,10.824153135629897,2.506625573000862e-10,3.378856306631606e-11,1433580.34288,True,3,Both actual and predicted relative reductions in the sum of squares  are at most 0.000000 and the relative error between two consecutive iterates is at   most 0.000000
4948713715005.878,3.8845569999328187,10.795131899773546,2.245803777917336e-10,2.8629059871946023e-11,1541792.72702,True,3,Both actual and predicted relative reductions in the sum of squares  are at most 0.000000 and the relative error between two consecutive iterates is at   most 0.000000
4327282276000.7607,4.258797943666577,10.948703476982521,2.4432400667114415e-10,3.3899814900294205e-11,1661674.18426,True,2,The relative error between two consecutive iterates is at most 0.000000
4799474438082.432,4.162883770829823,10.180246314760412,2.2882247840740218e-10,3.4245548699224683e-11,1323815.88136,True,2,The relative error between two consecutive iterates is at most 0.000000
4284963598442.3413,4.229320201956394,10.162190737567899,2.444163597453617e-10,3.53227087463337e-11,1380268.3592,True,2,The relative error between two consecutive iterates is at most 0.000000
4858787841567.992,4.495653667001383,10.416143214567995,2.295007800656434e-10,3.189121284169347e-11,1437090.22693,True,2,The relative error between two consecutive iterates is at most 0.000000
4511265963939.002,5.018611648203422,9.760385687027972,2.4228895345407165e-10,3.491470342537253e-11,1549742.77133,True,3,Both actual and predicted relative reductions in the sum of squares  are at most 0.000000 and the relative error between two consecutive iterates is at   most 0.000000
4347132479936.705,4.296434513428155,11.385766576680647,2.4360647258383233e-10,3.714362337414158e-11,1471174.75259,True,3,Both actual and predicted relative reductions in the sum of squares  are at most 0.000000 and the relative error between two consecutive iterates is at   most 0.000000
4531649228374.221,4.728982660658737,10.6843251123206,2.3958892506335885e-10,3.548599005436663e-11,1404211.04979,True,3,Both actual and predicted relative reductions in the sum of squares  are at most 0.000000 and the relative error between two consecutive iterates is at   most 0.000000
4427949192119.597,4.27990497113001,11.49855078426009,2.4064925825785346e-10,3.3654503364429453e-11,1529305.64314,True,3,Both actual and predicted relative reductions in the sum of squares  are at most 0.000000 and the relative error between two consecutive iterates is at   most 0.000000
4720167953602.71,4.458117133990402,10.506528028386414,2.3287306420865285e-10,3.6404718398599546e-11,1408337.06392,True,2,The relative error between two consecutive iterates is at most 0.000000
4676075692613.11,4.500463021921078,9.989988813600505,2.342254244160593e-10,2.950877320553203e-11,1556000.93774,True,2,The relative error between two consecutive iterates is at most 0.000000
4640423006793.492,4.3524987403781745,11.602016159517188,2.352843315850521e-10,2.7532605082254988e-11,1361770.34308,True,1,Both actual and predicted relative reductions in the sum of squares  are at most 0.000000
4683733101154.293,4.400844196190752,10.988821784795803,2.3411382440356825e-10,3.177196937956592e-11,1500990.77637,True,2,The relative error between two consecutive iterates is at most 0.000000
4663733594189.733,3.7979229341812846,10.52724018818795,2.3162231885475817e-10,3.041223021464769e-11,1608072.46974,True,2,The relative error between two consecutive iterates is at most 0.000000
4373185171716.7485,4.379254171897644,9.151727887630281,2.436074416374377e-10,3.9307030768179515e-11,1487013.15486,True,2,The relative error between two consecutive iterates is at most 0.000000
4631254715425.885,4.337145110912758,10.677439362570356,2.359074920727411e-10,2.640038378305927e-11,1671949.57382,True,2,The relative error between two consecutive iterates is at most 0.000000
4867615559224.968,4.4573876749863155,9.73028422191705,2.3007900270125627e-10,3.140002055360719e-11,1424649.42611,True,3,Both actual and predicted relative reductions in the sum of squares  are at most 0.000000 and the relative error between two consecutive iterates is at   most 0.000000
5099088998235.937,3.791527519780991,10.080989381973861,2.2002299240290101e-10,3.000004406631588e-11,1784775.46854,True,1,Both actual and predicted relative reductions in the sum of squares  are at most 0.000000
4406734341550.783,4.864243776692419,8.93372194848227,2.454018916322833e-10,3.5283651594093156e-11,1270068.20152,True,2,The relative error between two consecutive iterates is at most 0.000000
4704372449826.13,4.592888464713224,9.599387012087341,2.3541289423951846e-10,3.577660363563994e-11,1499809.71201,True,2,The relative error between two consecutive iterates is at most 0.000000
4557803515914.876,4.4150755856245185,9.61215652023754,2.375356326570258e-10,3.459404347664409e-11,1439689.30731,True,3,Both actual and predicted relative reductions in the sum of squares  are at most 0.000000 and the relative error between two consecutive iterates is at   most 0.000000
4420565721282.921,4.472482479422906,9.523866496286693,2.4102743193617253e-10,3.340924316257137e-11,1543942.62633,True,2,The relative error between two consecutive iterates is at most 0.000000
4927113220867.589,4.304578142112202,9.052015129913784,2.272536986812103e-10,2.777601471761341e-11,1528104.40613,True,2,The relative error between two consecutive iterates is at most 0.000000
4497727637401.68,4.41526337873293,10.454293498441709,2.401759994564418e-10,3.2268744132594384e-11,1518075.53513,True,3,Both actual and predicted relative reductions in the sum of squares  are at most 0.000000 and the relative error between two consecutive iterates is at   most 0.000000
4462012323699.067,4.491668433297052,9.683717870789671,2.402613113097053e-10,3.7007574524536706e-11,1505350.38059,True,2,The relative error between two consecutive iterates is at most 0.000000
4360485928303.6064,4.4466694456620965,10.313562060148445,2.4391016004158e-10,3.699060721238823e-11,1564139.26027,True,3,Both actual and predicted relative reductions in the sum of squares  are at most 0.000000 and the relative error between two consecutive iterates is at   most 0.000000
4395732467156.961,5.110557664948667,10.29548703928051,2.4649002593671416e-10,3.3446783119093893e-11,1508919.18294,True,2,The relative error between two consecutive iterates is at most 0.000000
4712907264083.5625,4.517055469174386,10.182966581864132,2.3281712801495364e-10,3.15840640137902e-11,1508237.4102,True,1,Both actual and predicted relative reductions in the sum of squares  are at most 0.000000
4624793315564.034,4.213776076558188,9.264661186046881,2.3447436644031586e-10,3.1910404021829254e-11,1659489.73284,True,3,Both actual and predicted relative reductions in the sum of squares  are at most 0.000000 and the relative error between two consecutive iterates is at   most 0.000000
4778085918645.663,4.211888932138851,10.52951311319856,2.303660898180611e-10,2.8117978891571183e-11,1468497.535,True,2,The relative error between two consecutive iterates is at most 0.000000
4226895264218.11,4.300671668551409,11.870968640840864,2.495515222852026e-10,3.2439969828312313e-11,1546169.92195,True,2,The relative error between two consecutive iterates is at most 0.000000
4645325374535.214,4.586126705065872,10.797650198171642,2.3661396899258436e-10,3.5964601699363376e-11,1487331.95061,True,2,The relative error between two consecutive iterates is at most 0.000000
5145951381348.023,3.7615043278656257,9.122176234175647,2.183663324651615e-10,3.208699190725486e-11,1314124.68581,True,2,The relative error between two consecutive iterates is at most 0.000000
4991249128643.772,4.36365075342087,9.064190817801354,2.2584035707653771e-10,2.8912489553654685e-11,1656840.28919,True,2,The relative error between two consecutive iterates is at most 0.000000
4482356055346.064,4.667303572111897,10.076753933005099,2.4239360467855974e-10,3.68737382226848e-11,1370349.63088,True,2,The relative error between two consecutive iterates is at most 0.000000
4405660902962.301,4.8585195420669365,10.381111222926329,2.447490812772592e-10,3.7492256003136205e-11,1550637.68907,True,2,The relative error between two consecutive iterates is at most 0.000000
4866867739621.254,4.626906455827516,10.752886356728455,2.3035659320981554e-10,3.251995799005497e-11,1669628.4857,True,3,Both actual and predicted relative reductions in the sum of squares  are at most 0.000000 and the relative error between two consecutive iterates is at   most 0.000000
4859777347663.505,3.9014720622099732,9.927045333762715,2.2848281431069936e-10,3.509074934486458e-11,1428386.85686,True,3,Both actual and predicted relative reductions in the sum of squares  are at most 0.000000 and the relative error between two consecutive iterates is at   most 0.000000
4507950114061.874,4.65583547284594,11.080456709790257,2.4058541714140506e-10,3.434421791710221e-11,1703769.62919,True,2,The relative error between two consecutive iterates is at most 0.000000
4840985791530.759,4.298200196640565,10.893565525149459,2.3001516355011215e-10,3.0222143173610104e-11,1565021.39354,True,1,Both actual and predicted relative reductions in the sum of squares  are at most 0.000000
4653370740891.971,4.627132747680057,9.476089440585843,2.352617447478158e-10,3.206071419495945e-11,1459550.05427,True,2,The relative error between two consecutive iterates is at most 0.000000
4631343149544.209,4.479050610604601,11.655790405014063,2.3673435803389514e-10,3.397546827481798e-11,1621232.31745,True,1,Both actual and predicted relative reductions in the sum of squares  are at most 0.000000
4580309519361.997,4.564409298478095,11.60261692289297,2.3796681508807244e-10,3.0138833518060365e-11,1574015.0742,True,3,Both actual and predicted relative reductions in the sum of squares  are at most 0.000000 and the relative error between two consecutive iterates is at   most 0.000000
4326240375423.9966,4.280340246005806,10.195411083937241,2.44533863915447e-10,3.767712008393427e-11,1539904.57545,True,3,Both actual and predicted relative reductions in the sum of squares  are at most 0.000000 and the relative error between two consecutive iterates is at   most 0.000000
4609569986392.745,4.371900915374649,10.29817175164052,2.3574549949780025e-10,3.3711694456956466e-11,1696631.85093,True,2,The relative error between two consecutive iterates is at most 0.000000
4681503116804.264,4.094993283012544,12.062168157083242,2.3263326940079912e-10,3.068662183607787e-11,1470628.38969,True,2,The relative error between two consecutive iterates is at most 0.000000
4436791554071.434,4.276151539725248,11.003954198164662,2.41141173631188e-10,3.53305370803264e-11,1555107.02293,True,2,The relative error between two consecutive iterates is at most 0.000000
4896885096471.231,4.200927759749131,10.474292269254189,2.294030156848189e-10,2.961495841280749e-11,1652460.61481,True,2,The relative error between two consecutive iterates is at most 0.000000
4713593574378.777,4.21402844308817,10.433935592147998,2.3211226819925197e-10,3.1972470393561935e-11,1617217.28291,True,2,The relative error between two consecutive iterates is at most 0.000000
4268543348352.1885,4.4405328291419774,10.526466370950038,2.4612446940828284e-10,3.797910406828141e-11,1576865.90306,True,3,Both actual and predicted relative reductions in the sum of squares  are at most 0.000000 and the relative error between two consecutive iterates is at   most 0.000000
4667708608889.872,4.359092356146022,11.44796632695217,2.3477459947455495e-10,3.223254513981069e-11,1669445.34446,True,2,The relative error between two consecutive iterates is at most 0.000000
4484191397990.923,4.384794472734389,9.721071810910734,2.395882193807714e-10,3.670940670189071e-11,1530484.62171,True,3,Both actual and predicted relative reductions in the sum of squares  are at most 0.000000 and the relative error between two consecutive iterates is at   most 0.000000
4562251332335.92,4.483402451725197,10.256178581879244,2.370961363398665e-10,3.3067851122468176e-11,1555575.35373,True,3,Both actual and predicted relative reductions in the sum of squares  are at most 0.000000 and the relative error between two consecutive iterates is at   most 0.000000
4555610206880.684,4.172699564846034,11.757637587551937,2.375217948008684e-10,3.301831948184076e-11,1530069.21063,True,2,The relative error between two consecutive iterates is at most 0.000000
4478033862830.942,4.9518911741755405,9.619648097236341,2.436685604353659e-10,3.1866839630662526e-11,1805103.18473,True,1,Both actual and predicted relative reductions in the sum of squares  are at most 0.000000
4357766857217.706,4.369515478997475,11.146783599349666,2.443141479026679e-10,3.3877720856380585e-11,1648333.18349,True,3,Both actual and predicted relative reductions in the sum of squares  are at most 0.000000 and the relative error between two consecutive iterates is at   most 0.000000
4376998354851.762,4.755385262383482,9.026493164513104,2.444069853441941e-10,3.409335370396361e-11,1379639.9846,True,2,The relative error between two consecutive iterates is at most 0.000000
4276102171369.265,4.592198060451054,10.233651209140008,2.486269504059281e-10,3.783442768464673e-11,1529461.22591,True,1,Both actual and predicted relative reductions in the sum of squares  are at most 0.000000
4430949017432.504,4.646151076975743,11.15299219683299,2.420810325192739e-10,3.424814340979703e-11,1670268.83608,True,3,Both actual and predicted relative reductions in the sum of squares  are at most 0.000000 and the relative error between two consecutive iterates is at   most 0.000000
4305977701164.3813,4.528895822052774,9.196009316593944,2.46111010679374e-10,3.668300137793285e-11,1464551.93507,True,2,The relative error between two consecutive iterates is at most 0.000000
4773740703954.115,4.67543160618456,9.299263996482898,2.3310477470992567e-10,3.199782313551119e-11,1507081.99899,True,2,The relative error between two consecutive iterates is at most 0.000000
4789082420097.757,4.001982893715647,10.891908443164127,2.28701683136661e-10,3.465164400366579e-11,1514299.57605,True,3,Both actual and predicted relative reductions in the sum of squares  are at most 0.000000 and the relative error between two consecutive iterates is at   most 0.000000
4527238007286.77,4.3413105170895525,11.288687968169585,2.3804578833381685e-10,3.991659269052248e-11,1921218.44208,True,2,The relative error between two consecutive iterates is at most 0.000000
5204813384891.618,4.144125707759471,8.606589282962311,2.1921614507121716e-10,3.013251257680259e-11,1564026.56903,True,2,The relative error between two consecutive iterates is at most 0.000000
4410860768688.138,4.381980246770166,10.54546304547017,2.42552278233281e-10,3.433595369034173e-11,1518260.44557,True,2,The relative error between two consecutive iterates is at most 0.000000
4403181576172.991,4.49679330191085,11.100737251887763,2.4308789196706853e-10,3.480702199102605e-11,1500334.49542,True,2,The relative error between two consecutive iterates is at most 0.000000
4578874799720.422,4.1694084309856105,11.432349025239553,2.3601179018716596e-10,3.261471901263472e-11,1592145.87514,True,2,The relative error between two consecutive iterates is at most 0.000000
4399921949122.639,4.438835295854475,9.681317199819462,2.438684152779728e-10,3.3551243858110586e-11,1631578.96704,True,1,Both actual and predicted relative reductions in the sum of squares  are at most 0.000000
4658522470293.62,4.385967442495317,11.030324427280048,2.351719812962627e-10,2.839001381689012e-11,1530730.70464,True,2,The relative error between two consecutive iterates is at most 0.000000
4519037635296.527,4.401761192106547,10.410494873935797,2.3944173728252816e-10,3.018866357969421e-11,1668808.63846,True,2,The relative error between two consecutive iterates is at most 0.000000
4850247261695.393,4.060875724770143,9.665819517200546,2.2723344732231683e-10,3.0404297967622825e-11,1511710.94159,True,3,Both actual and predicted relative reductions in the sum of squares  are at most 0.000000 and the relative error between two consecutive iterates is at   most 0.000000
4850778954144.12,4.17803926820606,9.944110063583633,2.2878495049777065e-10,3.198311934248439e-11,1658625.71703,True,2,The relative error between two consecutive iterates is at most 0.000000
4904258180680.74,4.551171710794803,10.514912410722706,2.2854595799875533e-10,2.955755402694314e-11,1621950.2644,True,3,Both actual and predicted relative reductions in the sum of squares  are at most 0.000000 and the relative error between two consecutive iterates is at   most 0.000000
4793512339317.325,4.2707484652615815,10.884939774169377,2.2994378921629278e-10,2.955723253483341e-11,1401048.41327,True,2,The relative error between two consecutive iterates is at most 0.000000
4721037202541.09,4.389127591554907,11.009758704016255,2.3356827052871105e-10,3.441801240975432e-11,1560706.75133,True,2,The relative error between two consecutive iterates is at most 0.000000
4712167480528.893,4.577137873488409,11.09229771294194,2.346988803980114e-10,3.1199716584752784e-11,1676658.56005,True,2,The relative error between two consecutive iterates is at most 0.000000
4513322355357.094,4.3587430141937356,10.674300047767332,2.3826311182355845e-10,3.2444285245605626e-11,1379984.9883,True,1,Both actual and predicted relative reductions in the sum of squares  are at most 0.000000
4761132372195.405,4.4643862376546055,10.170181958078443,2.3261892883239236e-10,3.201396509329968e-11,1828023.05003,True,2,The relative error between two consecutive iterates is at most 0.000000
4281439278542.111,3.982453939360407,12.018216712130819,2.4567264956141344e-10,3.3593654181980904e-11,1589448.69026,True,2,The relative error between two consecutive iterates is at most 0.000000
4486237719001.612,4.9914259379804875,9.629342283150743,2.4359798960338996e-10,3.4826916626586795e-11,1728322.40019,True,2,The relative error between two consecutive iterates is at most 0.000000
4683896482528.145,4.386521033976013,10.058731350821953,2.3437772646161906e-10,3.085928340706816e-11,1350784.83507,True,2,The relative error between two consecutive iterates is at most 0.000000
4634368062654.333,4.644249457463357,11.407684446079601,2.3720285902496275e-10,3.813527243535081e-11,1600566.54611,True,2,The relative error between two consecutive iterates is at most 0.000000
4671301485919.006,4.193737516474144,10.51774246490003,2.3254736853026462e-10,3.114457758295146e-11,1630542.61301,True,2,The relative error between two consecutive iterates is at most 0.000000
4347411990110.943,4.547490695479219,9.318381675034786,2.4552763230477145e-10,3.370975818850622e-11,1491824.85858,True,2,The relative error between two consecutive iterates is at most 0.000000
4596557894749.474,4.29351181895957,9.447218655875858,2.348246046306718e-10,3.3412176903714885e-11,1266284.77386,True,2,The relative error between two consecutive iterates is at most 0.000000
4444767771984.362,4.483606815788637,11.1214720140506,2.4167017405831516e-10,3.052609006782952e-11,1685284.99131,True,2,The relative error between two consecutive iterates is at most 0.000000
4975119628974.514,4.447911564659248,10.417025156849355,2.2768307485520338e-10,3.0049952413412204e-11,1723453.76345,True,2,The relative error between two consecutive iterates is at most 0.000000
4443209690483.6,4.752836466135655,10.808212283934328,2.4272817553808506e-10,3.432579573816796e-11,1739958.86766,True,2,The relative error between two consecutive iterates is at most 0.000000
4678721196791.659,4.3605342692176485,11.599407489045294,2.3449458908281465e-10,3.5948489032886306e-11,1467552.35266,True,1,Both actual and predicted relative reductions in the sum of squares  are at most 0.000000
4689285925791.919,4.613735080642367,9.615829955233663,2.3486787666621165e-10,3.33929443180962e-11,1753109.1822,True,2,The relative error between two consecutive iterates is at most 0.000000
4497752891946.873,4.453216080650521,10.43333249274567,2.398013737395509e-10,3.230177782314256e-11,1758305.8223,True,2,The relative error between two consecutive iterates is at most 0.000000
4642199183945.589,3.901443438817717,9.776575078769397,2.317415283616807e-10,3.0541789889495034e-11,1602910.45962,True,2,The relative error between two consecutive iterates is at most 0.000000
4730624078997.307,4.489112590824229,11.194358247525008,2.330707333976064e-10,3.102115118256077e-11,1591918.71445,True,2,The relative error between two consecutive iterates is at most 0.000000
4361151898947.717,4.459775156955712,10.569139836227826,2.4273011483924137e-10,3.687664423381108e-11,1540647.2034,True,3,Both actual and predicted relative reductions in the sum of squares  are at most 0.000000 and the relative error between two consecutive iterates is at   most 0.000000
4391598202368.1895,4.537540473487098,11.021824151629847,2.4292477732517316e-10,3.326774214515183e-11,1485670.33553,True,3,Both actual and predicted relative reductions in the sum of squares  are at most 0.000000 and the relative error between two consecutive iterates is at   most 0.000000
4256774280103.3164,4.092920572993114,12.819090642182594,2.454824625995967e-10,3.725759352941786e-11,1559598.16345,True,2,The relative error between two consecutive iterates is at most 0.000000
4866690633886.933,4.135295707906904,10.292636437394112,2.29094701564797e-10,3.2610459343003893e-11,1494954.09705,True,3,Both actual and predicted relative reductions in the sum of squares  are at most 0.000000 and the relative error between two consecutive iterates is at   most 0.000000
4641001054051.53,4.5903585600624774,10.002335987786351,2.3586768640396513e-10,3.5135513386245346e-11,1532855.5507,True,2,The relative error between two consecutive iterates is at most 0.000000
4543487204885.275,4.695636461029182,8.822119157766915,2.3952598918924427e-10,3.628130913475603e-11,1680399.10628,True,3,Both actual and predicted relative reductions in the sum of squares  are at most 0.000000 and the relative error between two consecutive iterates is at   most 0.000000
4504969223743.576,4.124163520342685,11.092884414695526,2.3645227659410846e-10,3.1409332420883196e-11,1624299.996,True,2,The relative error between two consecutive iterates is at most 0.000000
4638079361922.141,4.368959019892066,10.732139302210744,2.357730275348218e-10,3.3870713184491203e-11,1595420.46028,True,2,The relative error between two consecutive iterates is at most 0.000000
4722414086987.819,4.1743827342013615,11.378393307856706,2.3259103084133614e-10,3.172206574199345e-11,1479133.46923,True,2,The relative error between two consecutive iterates is at most 0.000000
4666255094839.165,4.410023561343857,9.020198311556333,2.337646940550195e-10,3.232911319254878e-11,1351538.0952,True,2,The relative error between two consecutive iterates is at most 0.000000
4943290478831.8125,4.188738582690353,9.222243615496332,2.2697394225251948e-10,3.184459311371466e-11,1645730.41481,True,2,The relative error between two consecutive iterates is at most 0.000000
4636987554407.664,4.4115060811193585,10.404923525770018,2.3516912358288933e-10,3.057403071286831e-11,1890503.02049,True,3,Both actual and predicted relative reductions in the sum of squares  are at most 0.000000 and the relative error between two consecutive iterates is at   most 0.000000
4672180704590.676,4.646162625380179,9.092855083389384,2.3586200024877216e-10,3.3846337315629714e-11,1461919.66271,True,3,Both actual and predicted relative reductions in the sum of squares  are at most 0.000000 and the relative error between two consecutive iterates is at   most 0.000000
4625571638791.704,3.942160849717288,11.310174581550152,2.329565247015981e-10,3.480105811812412e-11,1476194.89406,True,2,The relative error between two consecutive iterates is at most 0.000000
4598911029847.024,4.459977117201516,10.395256944742846,2.3621427038409517e-10,3.50485650035167e-11,1690183.84693,True,2,The relative error between two consecutive iterates is at most 0.000000
4904617887537.968,4.59459415879971,10.438113667961286,2.2908803354782676e-10,3.3173416619511887e-11,1616105.54903,True,2,The relative error between two consecutive iterates is at most 0.000000
4801670985392.189,4.560747423360675,11.43510399138463,2.3183924805171053e-10,2.8504795555966185e-11,1517305.06493,True,3,Both actual and predicted relative reductions in the sum of squares  are at most 0.000000 and the relative error between two consecutive iterates is at   most 0.000000
4728724621755.912,4.188837792320536,10.916637223129559,2.3243582084181452e-10,3.14892763540355e-11,1506330.71585,True,2,The relative error between two consecutive iterates is at most 0.000000
4690855641229.734,4.260413525897845,10.815515929622615,2.3369779742138893e-10,2.7535511784997525e-11,1487727.67734,True,2,The relative error between two consecutive iterates is at most 0.000000
4412900084793.19,4.733437429827895,10.69589066717728,2.438713342679195e-10,3.789299934005927e-11,1468241.67081,True,3,Both actual and predicted relative reductions in the sum of squares  are at most 0.000000 and the relative error between two consecutive iterates is at   most 0.000000
4285168824447.9414,4.3568115115524355,11.452389867578713,2.455858139416986e-10,3.565621536035845e-11,1257372.34371,True,3,Both actual and predicted relative reductions in the sum of squares  are at most 0.000000 and the relative error between two consecutive iterates is at   most 0.000000
4707647349023.208,4.375777955334874,11.491590650353075,2.320764522084162e-10,3.314414487667842e-11,1563363.54698,True,3,Both actual and predicted relative reductions in the sum of squares  are at most 0.000000 and the relative error between two consecutive iterates is at   most 0.000000
4687395546183.309,3.9698554484932087,10.832199160022713,2.309885842085024e-10,3.307234262663302e-11,1734640.22658,True,3,Both actual and predicted relative reductions in the sum of squares  are at most 0.000000 and the relative error between two consecutive iterates is at   most 0.000000
4511214796471.588,4.430181221059595,11.873008771787,2.381017163053e-10,3.6864964676659854e-11,1813814.76967,True,3,Both actual and predicted relative reductions in the sum of squares  are at most 0.000000 and the relative error between two consecutive iterates is at   most 0.000000
4713350771559.08,4.044815264287292,9.734115827215625,2.3157226453266605e-10,3.195892476924932e-11,1429497.06082,True,2,The relative error between two consecutive iterates is at most 0.000000
4201148119428.8784,4.928845993723558,8.381414880424533,2.516290385560316e-10,3.433734065921823e-11,1402698.62679,True,1,Both actual and predicted relative reductions in the sum of squares  are at most 0.000000
4450546982846.09,4.335921033146575,11.22099775812745,2.400776736640845e-10,3.1251452642113614e-11,1766984.89412,True,2,The relative error between two consecutive iterates is at most 0.000000
4516205382481.648,4.776930759365489,10.124850126875522,2.406949046543126e-10,3.613055787844105e-11,1468305.43194,True,2,The relative error between two consecutive iterates is at most 0.000000
4776381452798.748,4.294442747560346,10.153934886096547,2.3110254213439469e-10,2.891939175208988e-11,1548768.04238,True,2,The relative error between two consecutive iterates is at most 0.000000
4576457729155.135,4.443169639132321,11.442771525595635,2.365450498312876e-10,3.450740373356746e-11,1479307.33829,True,3,Both actual and predicted relative reductions in the sum of squares  are at most 0.000000 and the relative error between two consecutive iterates is at   most 0.000000
4784875379404.101,4.06675937184796,10.204591954497209,2.2925660611724707e-10,3.3022310212598564e-11,1420927.03781,True,2,The relative error between two consecutive iterates is at most 0.000000
4659831598843.183,4.209245338900169,12.446923577100119,2.358273808935727e-10,3.7997491732460255e-11,1334390.16139,True,2,The relative error between two consecutive iterates is at most 0.000000
4519902104504.7,4.172554521173073,11.692244411901163,2.370274666538324e-10,3.1587045765288695e-11,1725935.44081,True,3,Both actual and predicted relative reductions in the sum of squares  are at most 0.000000 and the relative error between two consecutive iterates is at   most 0.000000
4751193381889.53,4.631507233611741,11.137377289295756,2.3367150706634397e-10,2.8855636159038532e-11,1275036.48452,True,3,Both actual and predicted relative reductions in the sum of squares  are at most 0.000000 and the relative error between two consecutive iterates is at   most 0.000000
4587003442574.825,4.462914411892565,9.684574044609759,2.382765418728393e-10,3.5841425241503675e-11,1411368.29471,True,3,Both actual and predicted relative reductions in the sum of squares  are at most 0.000000 and the relative error between two consecutive iterates is at   most 0.000000
4540972389790.837,4.317084342750919,11.614389892691328,2.3836610488788905e-10,3.167044391382662e-11,1708530.15997,True,2,The relative error between two consecutive iterates is at most 0.000000
4397289027005.196,4.529145325912865,9.626912198947622,2.428212542168103e-10,3.599725841028287e-11,1486003.85703,True,2,The relative error between two consecutive iterates is at most 0.000000
4557178341652.596,4.697695966256835,10.033692174539597,2.3792142550542326e-10,3.334464507696674e-11,1512729.34327,True,2,The relative error between two consecutive iterates is at most 0.000000
4360296689721.066,4.4144726336570885,10.415631919762427,2.4370296780435276e-10,3.539831593687912e-11,1279227.49369,True,2,The relative error between two consecutive iterates is at most 0.000000
4755804790268.052,4.401031980031544,9.656571783536169,2.327869014042925e-10,3.096714097105988e-11,1395529.47232,True,2,The relative error between two consecutive iterates is at most 0.000000
4778363597481.321,4.640340445770681,8.21323405220321,2.3288669531006283e-10,2.8385649757221532e-11,1276506.89168,True,2,The relative error between two consecutive iterates is at most 0.000000
4316895389256.9653,4.939263783474106,9.579336502968651,2.485463438529535e-10,3.172562784551762e-11,1412134.02083,True,3,Both actual and predicted relative reductions in the sum of squares  are at most 0.000000 and the relative error between two consecutive iterates is at   most 0.000000
4755548603885.608,4.429162929466112,11.829931955129371,2.334069456213001e-10,3.3298348050075246e-11,1323338.27279,True,2,The relative error between two consecutive iterates is at most 0.000000
4889138423674.452,4.191542339828073,9.734235481524873,2.2790220407894205e-10,2.985653458773395e-11,1631004.19912,True,2,The relative error between two consecutive iterates is at most 0.000000
4491467216759.725,4.791165186753253,10.209954739432586,2.3996770025214e-10,3.585271448008228e-11,1599813.51508,True,3,Both actual and predicted relative reductions in the sum of squares  are at most 0.000000 and the relative error between two consecutive iterates is at   most 0.000000
4904960918933.513,4.29303236621789,10.107470566959986,2.2910514940916495e-10,3.119494890272251e-11,1586919.45558,True,2,The relative error between two consecutive iterates is at most 0.000000
4321161878458.11,4.403532134825569,11.158039526485659,2.457124825020627e-10,3.3771658764681764e-11,1260605.67759,True,2,The relative error between two consecutive iterates is at most 0.000000
4785940406102.562,4.246367451644802,9.89867272169579,2.3003772386498762e-10,3.1890347949651073e-11,1552523.12455,True,3,Both actual and predicted relative reductions in the sum of squares  are at most 0.000000 and the relative error between two consecutive iterates is at   most 0.000000
4832745104512.947,4.197502867620136,11.277663920395437,2.2939290407739928e-10,3.1376109304632165e-11,1553239.90012,True,3,Both actual and predicted relative reductions in the sum of squares  are at most 0.000000 and the relative error between two consecutive iterates is at   most 0.000000
5044351433748.244,4.059370718495912,10.764450969427894,2.2374649761783784e-10,2.7233615156666243e-11,1443378.4548,True,2,The relative error between two consecutive iterates is at most 0.000000
4648752488684.29,4.323980658923144,10.3869976518387,2.346914083977021e-10,3.1258934560464175e-11,1542876.98693,True,3,Both actual and predicted relative reductions in the sum of squares  are at most 0.000000 and the relative error between two consecutive iterates is at   most 0.000000
4556062977511.555,4.691763114932011,10.495067420141924,2.39449990884813e-10,3.162552529187987e-11,1385980.70598,True,2,The relative error between two consecutive iterates is at most 0.000000
4404053848915.475,4.718199003663968,10.834907336791648,2.443452521032076e-10,3.7068167950496656e-11,1660218.39747,True,2,The relative error between two consecutive iterates is at most 0.000000
4757433973227.086,4.5749339340100255,9.351493808041667,2.334672288988225e-10,3.4168140382467787e-11,1652141.76877,True,2,The relative error between two consecutive iterates is at most 0.000000
4464851641754.744,4.874554155873853,10.170061596837568,2.4191884518229427e-10,3.743115100737245e-11,1258731.36,True,3,Both actual and predicted relative reductions in the sum of squares  are at most 0.000000 and the relative error between two consecutive iterates is at   most 0.000000
4859004224418.659,4.315502974630203,10.191004090848104,2.2847841035863457e-10,2.989759527554829e-11,1643286.3433,True,2,The relative error between two consecutive iterates is at most 0.000000
4512276601181.761,4.1466106656305035,8.768941982949169,2.374619644967461e-10,2.9493085934124665e-11,1563422.22589,True,2,The relative error between two consecutive iterates is at most 0.000000
4196480923527.2515,4.447313749145143,10.325531159081532,2.494381376580147e-10,3.8032307385351844e-11,1401325.19738,True,2,The relative error between two consecutive iterates is at most 0.000000
4448610487027.754,4.547796355893283,9.792242118636393,2.415577791788339e-10,3.16388158019867e-11,1750186.90437,True,3,Both actual and predicted relative reductions in the sum of squares  are at most 0.000000 and the relative error between two consecutive iterates is at   most 0.000000
4603005849502.244,4.999133602602626,10.07579318521629,2.389859391533862e-10,2.3337128118385078e-11,1496483.83866,True,2,The relative error between two consecutive iterates is at most 0.000000
4246457548327.054,4.200110818861891,9.449059161492801,2.458556630558828e-10,3.659632198730434e-11,1580886.58878,True,2,The relative error between two consecutive iterates is at most 0.000000
4725191921446.68,4.663939685582068,9.483451619544729,2.338458391882398e-10,3.0513706127472455e-11,1685889.11768,True,2,The relative error between two consecutive iterates is at most 0.000000
4514321342868.589,4.272024915752085,11.996967899118411,2.3833287626738745e-10,3.354985598570978e-11,1703415.7534,True,3,Both actual and predicted relative reductions in the sum of squares  are at most 0.000000 and the relative error between two consecutive iterates is at   most 0.000000
4937385666202.225,4.104629412040952,8.788706419263018,2.2605892072446635e-10,2.8686927350823945e-11,1479292.05496,True,3,Both actual and predicted relative reductions in the sum of squares  are at most 0.000000 and the relative error between two consecutive iterates is at   most 0.000000
4664633364524.434,4.173609891093557,10.633741365787072,2.340847342662808e-10,3.371748178980498e-11,1652025.43111,True,2,The relative error between two consecutive iterates is at most 0.000000
4835673441728.269,4.503169586862327,10.018266693053446,2.3008768416095204e-10,3.278573293331729e-11,1458164.59176,True,2,The relative error between two consecutive iterates is at most 0.000000
4722410130454.354,4.272722589897876,10.402302358749427,2.3178941503168157e-10,3.3376674058641875e-11,1466652.54543,True,2,The relative error between two consecutive iterates is at most 0.000000
4482051861351.565,4.435253811087143,10.747588560895807,2.3911834416105085e-10,3.4089451302271404e-11,1594920.79203,True,2,The relative error between two consecutive iterates is at most 0.000000
4676723824628.405,4.433465237010273,10.726605249502578,2.344658426531463e-10,3.494249795446318e-11,1638410.38014,True,3,Both actual and predicted relative reductions in the sum of squares  are at most 0.000000 and the relative error between two consecutive iterates is at   most 0.000000
4500722182194.131,4.887550434088974,10.398883132766018,2.4246675819615104e-10,3.4530623972297005e-11,1471106.16902,True,2,The relative error between two consecutive iterates is at most 0.000000
4493159946958.924,4.462461885234223,11.857735759949326,2.402203739711044e-10,3.305824326037354e-11,1596481.55448,True,3,Both actual and predicted relative reductions in the sum of squares  are at most 0.000000 and the relative error between two consecutive iterates is at   most 0.000000
4484988594776.921,4.357201155825473,9.681201913378052,2.3945139025986703e-10,3.2796744625245857e-11,1326426.14633,True,2,The relative error between two consecutive iterates is at most 0.000000
4362349903625.9775,4.3620453763707,10.378356214083936,2.430371050492565e-10,3.470150721796077e-11,1395314.98375,True,2,The relative error between two consecutive iterates is at most 0.000000
4865836591838.719,4.600538212177443,9.139718098409627,2.307640069024398e-10,2.8291747431989498e-11,1513786.58626,True,1,Both actual and predicted relative reductions in the sum of squares  are at most 0.000000
4697803413859.796,4.1689249936581865,10.459336649132975,2.3227852641593726e-10,3.5145643557309236e-11,1269738.33781,True,3,Both actual and predicted relative reductions in the sum of squares  are at most 0.000000 and the relative error between two consecutive iterates is at   most 0.000000
4893718602227.353,4.38915848462983,10.257718788568202,2.2922057959144545e-10,3.030451123437585e-11,1421970.13156,True,3,Both actual and predicted relative reductions in the sum of squares  are at most 0.000000 and the relative error between two consecutive iterates is at   most 0.000000
4547672076198.824,4.1152956715505224,12.259812016089967,2.362146811101441e-10,3.3490051796501494e-11,1605950.06998,True,2,The relative error between two consecutive iterates is at most 0.000000
5156670666229.708,4.104565698490029,9.920376380046143,2.2058089216907052e-10,3.000257918816205e-11,1405175.6979,True,2,The relative error between two consecutive iterates is at most 0.000000
4435023483828.083,4.398837235439789,10.414367508670027,2.4207855014399985e-10,2.8209400199868538e-11,1339790.99227,True,3,Both actual and predicted relative reductions in the sum of squares  are at most 0.000000 and the relative error between two consecutive iterates is at   most 0.000000
4848755377131.476,4.290641417322702,11.363022366681752,2.290084463680362e-10,3.191966953831262e-11,1361009.10218,True,2,The relative error between two consecutive iterates is at most 0.000000
4957711297335.814,4.215202933369695,10.668663363571028,2.262493270142516e-10,2.8600208762265272e-11,1760959.66446,True,2,The relative error between two consecutive iterates is at most 0.000000
4545083172314.95,4.498590447928662,11.267975538671328,2.3916311346338726e-10,3.541426156382277e-11,1297293.11141,True,3,Both actual and predicted relative reductions in the sum of squares  are at most 0.000000 and the relative error between two consecutive iterates is at   most 0.000000
4881882416671.717,4.002210255580771,10.410148766131053,2.2671255073532443e-10,3.169289122757083e-11,1569649.85875,True,2,The relative error between two consecutive iterates is at most 0.000000
4158926344789.9033,4.4846496046016915,11.098527765382213,2.4969773813376007e-10,2.8140185810284366e-11,1641347.29576,True,3,Both actual and predicted relative reductions in the sum of squares  are at most 0.000000 and the relative error between two consecutive iterates is at   most 0.000000
4411405976026.669,4.556549277630796,10.465394063154813,2.4307444789235775e-10,3.207479913255102e-11,1848474.10333,True,2,The relative error between two consecutive iterates is at most 0.000000
4614452864027.224,4.404074227108008,10.43334425951051,2.3606379333083473e-10,3.353023084114082e-11,1672535.05277,True,2,The relative error between two consecutive iterates is at most 0.000000
4223781359244.2065,4.834320341893085,10.553167902839402,2.5136577737666855e-10,3.520534593495905e-11,1635901.64528,True,3,Both actual and predicted relative reductions in the sum of squares  are at most 0.000000 and the relative error between two consecutive iterates is at   most 0.000000
4586529236307.415,4.240623258030533,9.788320816615139,2.357447674108323e-10,3.4243611941006125e-11,1564569.33646,True,3,Both actual and predicted relative reductions in the sum of squares  are at most 0.000000 and the relative error between two consecutive iterates is at   most 0.000000
4518027170109.327,4.3720321274217095,10.545667908779189,2.3929164797995067e-10,3.560950675959393e-11,1391829.19214,True,3,Both actual and predicted relative reductions in the sum of squares  are at most 0.000000 and the relative error between two consecutive iterates is at   most 0.000000
4401398598234.96,4.449830853006894,11.739711752436332,2.432452928861968e-10,3.563329094927015e-11,1514823.38243,True,2,The relative error between two consecutive iterates is at most 0.000000
4814389737066.393,4.531284816776635,9.61509810199384,2.3186036113165188e-10,3.083608355641015e-11,1463857.01824,True,3,Both actual and predicted relative reductions in the sum of squares  are at most 0.000000 and the relative error between two consecutive iterates is at   most 0.000000
4611634272919.691,4.396448098970743,12.22606087877879,2.357661322029143e-10,3.234104756762432e-11,1570382.18293,True,2,The relative error between two consecutive iterates is at most 0.000000
4511507914233.889,4.142835723650085,10.747936717393099,2.3834833178857864e-10,3.533502412125023e-11,1473456.40793,True,2,The relative error between two consecutive iterates is at most 0.000000
4485334698440.406,4.8757630789176565,10.685703190362483,2.421363303411473e-10,3.6861613524426534e-11,1398068.73792,True,2,The relative error between two consecutive iterates is at most 0.000000
4673098088432.623,4.350718913711588,11.272924993272436,2.349551507025642e-10,3.265289411739e-11,1492826.70517,True,3,Both actual and predicted relative reductions in the sum of squares  are at most 0.000000 and the relative error between two consecutive iterates is at   most 0.000000
4307742311940.2744,4.533337957780336,10.724452384871194,2.455257178525755e-10,3.454247004698754e-11,1751011.81535,True,2,The relative error between two consecutive iterates is at most 0.000000
4736390287395.431,4.482243895109671,9.37795427526506,2.3237335281579185e-10,3.014075060047392e-11,1492809.03496,True,2,The relative error between two consecutive iterates is at most 0.000000
4741404978095.932,4.454304796474214,10.302698201903816,2.3292399715460684e-10,2.9552678716554207e-11,1529856.1735,True,2,The relative error between two consecutive iterates is at most 0.000000
4720770409924.382,4.145351022537963,11.43840702807268,2.3261120235477411e-10,3.574867147884152e-11,1728234.91314,True,2,The relative error between two consecutive iterates is at most 0.000000
4387178756202.905,4.444810935341832,9.498583190261055,2.426860153110955e-10,3.4657620919554226e-11,1600060.08562,True,3,Both actual and predicted relative reductions in the sum of squares  are at most 0.000000 and the relative error between two consecutive iterates is at   most 0.000000
4596304381457.802,4.208785814546501,11.341339999672702,2.358993893672633e-10,3.5024548835710106e-11,1668204.15005,True,3,Both actual and predicted relative reductions in the sum of squares  are at most 0.000000 and the relative error between two consecutive iterates is at   most 0.000000
4817979531671.307,4.0620800796866865,9.227209245525755,2.2954359945951468e-10,3.103398288941628e-11,1558635.32192,True,2,The relative error between two consecutive iterates is at most 0.000000
4534631680355.516,4.430069140668899,9.085944969250546,2.386062925055903e-10,2.599637593240766e-11,1434067.69287,True,3,Both actual and predicted relative reductions in the sum of squares  are at most 0.000000 and the relative error between two consecutive iterates is at   most 0.000000
4726084748912.071,4.658951258722829,9.877576191186275,2.329539205830144e-10,3.278614529321534e-11,1722996.78858,True,3,Both actual and predicted relative reductions in the sum of squares  are at most 0.000000 and the relative error between two consecutive iterates is at   most 0.000000
4703115059237.174,4.796038676726749,10.415444516548908,2.359784058008881e-10,3.298886839907034e-11,1656669.49491,True,2,The relative error between two consecutive iterates is at most 0.000000
5084915862046.738,3.891659626520242,9.356920949157907,2.2028284023527912e-10,3.002333766223168e-11,1429854.0157,True,3,Both actual and predicted relative reductions in the sum of squares  are at most 0.000000 and the relative error between two consecutive iterates is at   most 0.000000
4804884785608.789,4.020025258615299,10.996799732623945,2.3032854091500502e-10,3.151226197857403e-11,1754658.28761,True,3,Both actual and predicted relative reductions in the sum of squares  are at most 0.000000 and the relative error between two consecutive iterates is at   most 0.000000
4599086930519.545,4.942590588681008,9.171768960324979,2.3948794579811355e-10,2.9262113406193795e-11,1506615.12054,True,2,The relative error between two consecutive iterates is at most 0.000000
4462603201701.556,4.270678213863714,10.58409429304746,2.394911332281178e-10,3.69876088601259e-11,1552951.26427,True,2,The relative error between two consecutive iterates is at most 0.000000
4361014356294.1763,4.377230489281858,10.792905344807425,2.431597672040043e-10,3.534868630981738e-11,1498301.69832,True,3,Both actual and predicted relative reductions in the sum of squares  are at most 0.000000 and the relative error between two consecutive iterates is at   most 0.000000
4321332271166.408,4.6188635466976855,9.78054335459259,2.4623735365264187e-10,3.686235466282894e-11,1503917.39735,True,2,The relative error between two consecutive iterates is at most 0.000000
4497312290440.938,4.681658505675679,10.410801233516185,2.409952792258348e-10,3.347545286562274e-11,1502997.14761,True,3,Both actual and predicted relative reductions in the sum of squares  are at most 0.000000 and the relative error between two consecutive iterates is at   most 0.000000
4723782168659.043,3.9767551203914153,10.921306221589257,2.3100902620076868e-10,3.1906985111666824e-11,1551158.86909,True,2,The relative error between two consecutive iterates is at most 0.000000
4284518948253.7017,4.732004207828007,10.873418638273266,2.483389053214009e-10,3.642230950201366e-11,1577462.46389,True,2,The relative error between two consecutive iterates is at most 0.000000
4487657867349.237,4.661942542648749,9.001923368709331,2.401302188959987e-10,3.148543081469213e-11,1626415.61132,True,2,The relative error between two consecutive iterates is at most 0.000000
4394965232449.5195,4.001273770971708,10.349531087892037,2.4073188469080276e-10,3.0790667751686405e-11,1401538.60616,True,2,The relative error between two consecutive iterates is at most 0.000000
4882264022875.171,4.287784835800219,9.258365744487108,2.284738165073205e-10,3.366344884450286e-11,1491980.88152,True,2,The relative error between two consecutive iterates is at most 0.000000
4755787434745.935,3.9922554206290317,9.167746953513667,2.3004189902271418e-10,3.139092704440395e-11,1539948.44565,True,3,Both actual and predicted relative reductions in the sum of squares  are at most 0.000000 and the relative error between two consecutive iterates is at   most 0.000000
4502549191749.387,4.3710825758735155,11.034929699255192,2.3960762203673736e-10,3.2255984661902425e-11,1293999.30063,True,3,Both actual and predicted relative reductions in the sum of squares  are at most 0.000000 and the relative error between two consecutive iterates is at   most 0.000000
4389896046910.98,4.654481092455972,10.809378389747012,2.447082143543557e-10,3.61717423899576e-11,1466000.01202,True,2,The relative error between two consecutive iterates is at most 0.000000
4948573326512.773,4.28819488242547,11.521952845266782,2.262890731392574e-10,3.219337107334244e-11,1594372.95345,True,2,The relative error between two consecutive iterates is at most 0.000000
4388648215580.2686,4.119100344440785,11.722574488004364,2.407509630338868e-10,3.219624328199409e-11,1500387.2383,True,3,Both actual and predicted relative reductions in the sum of squares  are at most 0.000000 and the relative error between two consecutive iterates is at   most 0.000000
4726693633475.9,4.303360360353561,10.110648145495029,2.3224471160841967e-10,2.875656204704611e-11,1463619.92391,True,2,The relative error between two consecutive iterates is at most 0.000000
4749753794101.965,4.117932966609528,9.717160369441286,2.3096972417414026e-10,3.2199689565717006e-11,1337783.15643,True,2,The relative error between two consecutive iterates is at most 0.000000
4721875455825.168,4.607781181816388,10.068460256183457,2.3456921604364216e-10,3.375977949153192e-11,1566564.01431,True,2,The relative error between two consecutive iterates is at most 0.000000
4831885269490.831,4.401762085631017,10.545719517978466,2.3016083727713698e-10,3.079378393159869e-11,1428923.6234,True,2,The relative error between two consecutive iterates is at most 0.000000
4600457802484.987,4.585531145682543,9.438715384000194,2.373439986363714e-10,3.286043044558887e-11,1594068.08125,True,2,The relative error between two consecutive iterates is at most 0.000000
4703487083180.819,4.238281675678847,9.849895126803151,2.3260744348046544e-10,3.0826811838990276e-11,1625864.57271,True,3,Both actual and predicted relative reductions in the sum of squares  are at most 0.000000 and the relative error between two consecutive iterates is at   most 0.000000
4620257897904.664,4.643441426355069,10.567319066581762,2.381910325774578e-10,3.428295198662393e-11,1639840.86328,True,2,The relative error between two consecutive iterates is at most 0.000000
4981084085815.991,4.133722523683498,9.486831662076261,2.2509373982653046e-10,3.034572322777903e-11,1399495.7365,True,3,Both actual and predicted relative reductions in the sum of squares  are at most 0.000000 and the relative error between two consecutive iterates is at   most 0.000000
4569027686515.033,4.532427584921464,10.698327326240113,2.3783963021748614e-10,3.251447781176057e-11,1556570.98227,True,3,Both actual and predicted relative reductions in the sum of squares  are at most 0.000000 and the relative error between two consecutive iterates is at   most 0.000000
4813616158671.43,3.815690944801206,9.608923898166491,2.2740606513796743e-10,3.0093592577177546e-11,1382200.20758,True,2,The relative error between two consecutive iterates is at most 0.000000
4694953350094.651,4.468267834854221,9.051983389526987,2.343351727899842e-10,3.1139932061492014e-11,1532757.83417,True,2,The relative error between two consecutive iterates is at most 0.000000
4255061741467.575,4.6334169754987595,11.229307750299522,2.4828566201442734e-10,3.805823032882407e-11,1597705.59601,True,2,The relative error between two consecutive iterates is at most 0.000000
4718107955941.07,4.024628582212229,11.29313342931146,2.3172890147909424e-10,3.207321397303893e-11,1546058.94748,True,2,The relative error between two consecutive iterates is at most 0.000000
4443052600082.634,4.341893200120206,10.419918634288441,2.4052360352155046e-10,3.196886293249166e-11,1470521.99094,True,2,The relative error between two consecutive iterates is at most 0.000000
4386062398325.323,4.181218991509314,9.751652227715724,2.41280853129467e-10,3.762956281957524e-11,1758513.22452,True,2,The relative error between two consecutive iterates is at most 0.000000
4446262434126.805,4.771428025664528,9.724884973882029,2.435888959211556e-10,3.1760043746810104e-11,1454281.58472,True,2,The relative error between two consecutive iterates is at most 0.000000
4473382697276.615,4.5986041159823925,10.983893788500668,2.424920710152832e-10,3.575882692118119e-11,1476991.01721,True,2,The relative error between two consecutive iterates is at most 0.000000
4371902572792.8013,4.503598420218559,10.679758083458536,2.439419403449132e-10,3.866892686789573e-11,1519901.09525,True,2,The relative error between two consecutive iterates is at most 0.000000
4283814538774.78,4.545640075731202,9.597117313457016,2.4527182278708536e-10,3.6741760067658135e-11,1640905.01621,True,2,The relative error between two consecutive iterates is at most 0.000000
4281586709247.307,4.555565503595007,10.598327294573558,2.4802239203473236e-10,3.4864896829914514e-11,1652018.76961,True,2,The relative error between two consecutive iterates is at most 0.000000
4824562350474.072,4.154614029590102,10.16802914972245,2.284988690179844e-10,3.0852320948678785e-11,1734791.72726,True,2,The relative error between two consecutive iterates is at most 0.000000
4524963732166.619,4.529709977501432,11.076223515443544,2.408416881224682e-10,3.307945914778905e-11,1435623.6859,True,2,The relative error between two consecutive iterates is at most 0.000000
4564519466356.481,4.500702928839525,10.701250711845047,2.3753728570736086e-10,3.393526114759411e-11,1391442.48611,True,2,The relative error between two consecutive iterates is at most 0.000000
4357069753936.5176,4.721429852466636,11.266232214486118,2.467803455184824e-10,3.584568582691222e-11,1644262.66011,True,1,Both actual and predicted relative reductions in the sum of squares  are at most 0.000000
4686195776507.126,4.441631620863313,10.87860066586752,2.339583201418699e-10,3.410305262915915e-11,1535276.07236,True,2,The relative error between two consecutive iterates is at most 0.000000
4567435364391.381,4.715008378953266,9.164179029674568,2.3968206213756635e-10,3.1284688229416746e-11,1431388.94934,True,2,The relative error between two consecutive iterates is at most 0.000000
4569648051433.901,4.372367274497714,11.683911789087043,2.3689547873949245e-10,3.2280611187082225e-11,1614182.85299,True,2,The relative error between two consecutive iterates is at most 0.000000
4645819385196.964,4.588037504916732,8.524183423254126,2.3503147701742415e-10,3.1821774775732185e-11,1506161.09728,True,3,Both actual and predicted relative reductions in the sum of squares  are at most 0.000000 and the relative error between two consecutive iterates is at   most 0.000000
4688804677861.288,4.543868082026077,10.485586837842998,2.35370839059694e-10,2.981891471807642e-11,1314347.87598,True,2,The relative error between two consecutive iterates is at most 0.000000
4628057518273.055,4.22165874330532,11.33334636168946,2.3511316511757133e-10,3.4679757562491837e-11,1619566.68092,True,2,The relative error between two consecutive iterates is at most 0.000000
4739347181413.3955,4.40793419281062,9.655242779784038,2.3243184849196797e-10,3.055584929472441e-11,1501408.68388,True,2,The relative error between two consecutive iterates is at most 0.000000
5053065129478.337,4.191241572316458,10.355444977585393,2.2339911032400586e-10,2.7385840755095355e-11,1502952.62986,True,2,The relative error between two consecutive iterates is at most 0.000000
4320833685805.113,4.4590336020286125,10.833830760267876,2.4596094595759817e-10,3.603142059531015e-11,1546427.98051,True,2,The relative error between two consecutive iterates is at most 0.000000
4962302111458.709,4.213556707894602,9.831148494500468,2.265423239569788e-10,2.9875342899658447e-11,1275724.78592,True,2,The relative error between two consecutive iterates is at most 0.000000
5047574873842.838,3.9422416883090734,11.472893982621281,2.22055856571458e-10,3.052786367624564e-11,1385069.36809,True,2,The relative error between two consecutive iterates is at most 0.000000
4667396756061.727,4.242804313556611,10.102108578873981,2.339941538089305e-10,3.195908436785638e-11,1487334.28682,True,2,The relative error between two consecutive iterates is at most 0.000000
4884642181107.193,3.845204720533083,11.482592391564113,2.2608381371765012e-10,3.1297150632791353e-11,1557134.75251,True,3,Both actual and predicted relative reductions in the sum of squares  are at most 0.000000 and the relative error between two consecutive iterates is at   most 0.000000
4605416246076.478,4.48582433388055,11.32663885840048,2.3631486444504364e-10,3.318918128989594e-11,1460191.23687,True,3,Both actual and predicted relative reductions in the sum of squares  are at most 0.000000 and the relative error between two consecutive iterates is at   most 0.000000
4575503278582.251,4.708619525826771,10.314890645700507,2.3894192486096955e-10,3.112115354958647e-11,1690939.64636,True,3,Both actual and predicted relative reductions in the sum of squares  are at most 0.000000 and the relative error between two consecutive iterates is at   most 0.000000
4380808227679.9863,4.341230278377001,11.405981983778908,2.435346347590892e-10,3.457569665278941e-11,1585691.48814,True,3,Both actual and predicted relative reductions in the sum of squares  are at most 0.000000 and the relative error between two consecutive iterates is at   most 0.000000
4519448817700.01,4.273693180886341,9.99902365754105,2.3880630523392115e-10,2.974499588062468e-11,1453691.54465,True,2,The relative error between two consecutive iterates is at most 0.000000
4450561891780.05,4.477132143002889,9.812564574541648,2.402781789730073e-10,2.7635107808825756e-11,1481718.95222,True,2,The relative error between two consecutive iterates is at most 0.000000
4201886424935.218,4.67634460139974,12.783144309275103,2.488970523103815e-10,3.545871002273305e-11,1585357.02884,True,2,The relative error between two consecutive iterates is at most 0.000000
4708620653507.065,4.097256136505842,9.318597161655045,2.307042141533204e-10,3.208303167841436e-11,1480036.88359,True,3,Both actual and predicted relative reductions in the sum of squares  are at most 0.000000 and the relative error between two consecutive iterates is at   most 0.000000
4511468946030.486,4.587833411454742,8.683749757322742,2.398922844685939e-10,3.34109527398582e-11,1461016.50607,True,3,Both actual and predicted relative reductions in the sum of squares  are at most 0.000000 and the relative error between two consecutive iterates is at   most 0.000000
5235080403947.1455,4.279538583557467,9.10947337521741,2.1933663931377907e-10,2.669891362898625e-11,1529510.12379,True,3,Both actual and predicted relative reductions in the sum of squares  are at most 0.000000 and the relative error between two consecutive iterates is at   most 0.000000
4949842462242.867,4.094931211861471,10.367315107982302,2.2576791585301662e-10,3.29878511069896e-11,1708909.77393,True,2,The relative error between two consecutive iterates is at most 0.000000
4521071552591.955,4.298172745982255,10.025169620871239,2.3794534205895316e-10,3.327352276068563e-11,1448503.29991,True,2,The relative error between two consecutive iterates is at most 0.000000
4596534140683.106,4.4999256254791264,8.988852543926784,2.3785144569909716e-10,3.069898618873182e-11,1551561.46618,True,2,The relative error between two consecutive iterates is at most 0.000000
4353340432940.6616,4.576005886524434,10.402622013951271,2.447906940610205e-10,3.290024140967238e-11,1448221.03393,True,2,The relative error between two consecutive iterates is at most 0.000000
4468807221608.53,4.665432303111676,9.282988415209772,2.427295935095341e-10,3.6411685790540586e-11,1362737.16728,True,3,Both actual and predicted relative reductions in the sum of squares  are at most 0.000000 and the relative error between two consecutive iterates is at   most 0.000000
4363820629965.182,4.433935390155028,10.850919615566278,2.427683750711771e-10,3.6312161468061134e-11,1579040.05486,True,2,The relative error between two consecutive iterates is at most 0.000000
4169557583880.9756,4.374513303949406,11.499370308739321,2.509940337300139e-10,3.5892363679335015e-11,1377836.31575,True,2,The relative error between two consecutive iterates is at most 0.000000
4799807588755.562,4.188680016538516,9.126190096838332,2.291824254556183e-10,2.884029853842416e-11,1677627.63967,True,2,The relative error between two consecutive iterates is at most 0.000000
4363141321044.253,5.095526675958502,11.128361177528618,2.472854501230253e-10,3.118716652540025e-11,1555916.95753,True,3,Both actual and predicted relative reductions in the sum of squares  are at most 0.000000 and the relative error between two consecutive iterates is at   most 0.000000
4869223456058.954,4.670621677635813,9.123889487079087,2.3136402337264656e-10,3.3797001128372805e-11,1875445.88682,True,2,The relative error between two consecutive iterates is at most 0.000000
4505865389675.654,4.118192125679448,10.775184311806708,2.3805343190672157e-10,3.555156283036608e-11,1578891.59244,True,1,Both actual and predicted relative reductions in the sum of squares  are at most 0.000000
4501242659217.961,4.330383276320034,11.375228674428277,2.3950297339196184e-10,3.189353106557273e-11,1624946.28539,True,3,Both actual and predicted relative reductions in the sum of squares  are at most 0.000000 and the relative error between two consecutive iterates is at   most 0.000000
5078718833284.148,4.091446298480113,10.31239232809661,2.219142528365124e-10,3.1572100071448744e-11,1686652.14783,True,2,The relative error between two consecutive iterates is at most 0.000000
4650528365817.18,4.3027564644600185,10.574646311840167,2.350795563595765e-10,3.364852469798155e-11,1495893.2038,True,2,The relative error between two consecutive iterates is at most 0.000000
4625196117760.818,4.726642996233309,10.867357133367719,2.377025398709261e-10,3.0327600417740663e-11,1468219.64828,True,2,The relative error between two consecutive iterates is at most 0.000000
5104320724946.506,3.9157517939805,10.162019454523602,2.2104923228776486e-10,3.001923858339858e-11,1612557.63317,True,1,Both actual and predicted relative reductions in the sum of squares  are at most 0.000000
4845773702601.314,4.321501771136479,9.377711646120275,2.2915048732983101e-10,3.1199438681207014e-11,1607215.53332,True,1,Both actual and predicted relative reductions in the sum of squares  are at most 0.000000
4736046014029.757,4.45445041761577,10.339340099321225,2.331406100181607e-10,3.378820089859855e-11,1613300.43369,True,2,The relative error between two consecutive iterates is at most 0.000000
4470000940151.158,4.512479221526829,10.51545022749827,2.407053829076917e-10,3.2990056184652227e-11,1507247.15479,True,3,Both actual and predicted relative reductions in the sum of squares  are at most 0.000000 and the relative error between two consecutive iterates is at   most 0.000000
4378399708543.469,4.991039533087365,9.903790989359408,2.4575754628366914e-10,3.3982335490604284e-11,1571362.79338,True,2,The relative error between two consecutive iterates is at most 0.000000
4546693931086.363,4.387686679082219,11.42581857939927,2.384111784150033e-10,3.6081974562114717e-11,1533828.02625,True,3,Both actual and predicted relative reductions in the sum of squares  are at most 0.000000 and the relative error between two consecutive iterates is at   most 0.000000
4660814634710.335,4.381119866613949,10.997098892310524,2.348407460354056e-10,3.030411784485344e-11,1518936.78311,True,2,The relative error between two consecutive iterates is at most 0.000000
4795282612121.4795,4.002582538478826,11.310487392045287,2.2977092495751723e-10,3.25496747439037e-11,1446240.3524,True,2,The relative error between two consecutive iterates is at most 0.000000
4245903775074.7407,4.200623747451264,12.080440545394314,2.464409604344405e-10,3.4994427645337824e-11,1614426.58351,True,2,The relative error between two consecutive iterates is at most 0.000000
4638817626040.738,4.2197124161663595,9.221696158370406,2.344930912368204e-10,3.166670862836556e-11,1764552.64812,True,2,The relative error between two consecutive iterates is at most 0.000000
4744672008749.397,4.396271001017044,10.370390495190492,2.3147579519467757e-10,3.1274107252344227e-11,1506305.52268,True,2,The relative error between two consecutive iterates is at most 0.000000
4955600232771.327,3.8913882627969025,12.54945257997707,2.2462413258862718e-10,3.0538703152473633e-11,1608386.23068,True,2,The relative error between two consecutive iterates is at most 0.000000
4446736784233.347,4.596976652768442,9.747278005896707,2.3895481967208007e-10,3.526003821066313e-11,1305544.05648,True,1,Both actual and predicted relative reductions in the sum of squares  are at most 0.000000
4178880913177.365,4.5178809064260355,10.935509857029217,2.5014630158301795e-10,3.2516190943176756e-11,1369555.25919,True,2,The relative error between two consecutive iterates is at most 0.000000
4937814699699.633,4.6247026625301775,9.687310665263283,2.2776755367224168e-10,3.044923940217005e-11,1522593.31343,True,2,The relative error between two consecutive iterates is at most 0.000000
4542112126106.962,4.2562161293254706,12.543767181080407,2.374420482770533e-10,3.610030499828461e-11,1538515.87045,True,2,The relative error between two consecutive iterates is at most 0.000000
4250328798944.305,4.484371626311919,9.916558747636861,2.487327197696464e-10,3.244050784985134e-11,1590650.82097,True,2,The relative error between two consecutive iterates is at most 0.000000
4325345880439.903,4.51096650403215,12.437039784045451,2.451835290038159e-10,3.719349444575653e-11,1433807.25533,True,2,The relative error between two consecutive iterates is at most 0.000000
4805066942061.164,4.430595594573891,9.509116963800542,2.3165393189098185e-10,3.246152894008289e-11,1426999.07606,True,2,The relative error between two consecutive iterates is at most 0.000000
4639777051633.672,4.501174861776589,11.109326233814238,2.3658997083945693e-10,3.4024243068566936e-11,1521116.31319,True,3,Both actual and predicted relative reductions in the sum of squares  are at most 0.000000 and the relative error between two consecutive iterates is at   most 0.000000
4692518009319.754,4.406804352469455,10.234309853726415,2.335732289547247e-10,3.051440492750217e-11,1658480.60381,True,2,The relative error between two consecutive iterates is at most 0.000000
4485416850777.763,4.541353824123501,10.631619193454565,2.409028112082819e-10,3.374075672025037e-11,1390468.13669,True,2,The relative error between two consecutive iterates is at most 0.000000
4221797744972.034,4.8696285379435285,10.653409590165118,2.5051988624814775e-10,3.13425399382022e-11,1369395.54455,True,2,The relative error between two consecutive iterates is at most 0.000000
4140646078236.1743,4.54781434736961,10.819967497528713,2.52001266128363e-10,3.750417558462518e-11,1551556.07886,True,3,Both actual and predicted relative reductions in the sum of squares  are at most 0.000000 and the relative error between two consecutive iterates is at   most 0.000000
4881105924333.224,4.309155868845914,9.972431671772268,2.2934986838069076e-10,3.595231540720639e-11,1605939.6956,True,3,Both actual and predicted relative reductions in the sum of squares  are at most 0.000000 and the relative error between two consecutive iterates is at   most 0.000000
4174213423994.6333,4.614742298907144,10.858545965369048,2.5065501655638847e-10,3.6150327779457565e-11,1437078.45243,True,2,The relative error between two consecutive iterates is at most 0.000000
4540935203416.528,4.227809523025507,10.60168701897385,2.367924861396222e-10,3.361541441240117e-11,1503543.61846,True,2,The relative error between two consecutive iterates is at most 0.000000
4644153089537.747,4.645594254625367,11.098647997577146,2.365817450159584e-10,3.5927981501541826e-11,1410354.82234,True,3,Both actual and predicted relative reductions in the sum of squares  are at most 0.000000 and the relative error between two consecutive iterates is at   most 0.000000
4228416856216.0635,4.202287816942294,12.019421070370065,2.4685062816454236e-10,3.2710580279478655e-11,1406605.12842,True,2,The relative error between two consecutive iterates is at most 0.000000
4401926564076.338,4.314805256645183,9.681693747103346,2.4079158738498885e-10,3.4720913707171454e-11,1541779.19061,True,2,The relative error between two consecutive iterates is at most 0.000000
4966581936163.235,3.8283758270393173,10.636775419735558,2.2442112111820624e-10,3.619961624940712e-11,1448586.23811,True,2,The relative error between two consecutive iterates is at most 0.000000
4601834118850.467,4.027801046525819,10.508595306434323,2.340657064368856e-10,3.2501454817711485e-11,1455494.02642,True,2,The relative error between two consecutive iterates is at most 0.000000
4581279548601.496,5.03006788085085,9.831687155047854,2.4052560813344527e-10,2.961744827787317e-11,1801709.7829,True,2,The relative error between two consecutive iterates is at most 0.000000
4713338645733.154,4.37465314091217,8.838734327738468,2.335461509061781e-10,3.2736920118318184e-11,1466553.33494,True,3,Both actual and predicted relative reductions in the sum of squares  are at most 0.000000 and the relative error between two consecutive iterates is at   most 0.000000
4320782241301.5176,4.229204966222685,10.392021220786026,2.447022296298502e-10,2.946077345755451e-11,1445713.43929,True,2,The relative error between two consecutive iterates is at most 0.000000
3983319493485.8037,5.292756893600319,10.77212942480605,2.6165195734366556e-10,3.578282952795751e-11,1516169.95426,True,2,The relative error between two consecutive iterates is at most 0.000000
4738578117664.728,4.245960083502492,9.794041180630938,2.320380222580416e-10,3.4589967593483575e-11,1453760.03065,True,2,The relative error between two consecutive iterates is at most 0.000000
4658007771283.024,4.817265109852461,8.959393749531117,2.3636210861175667e-10,3.2079043150683464e-11,1556398.07918,True,3,Both actual and predicted relative reductions in the sum of squares  are at most 0.000000 and the relative error between two consecutive iterates is at   most 0.000000
4527954707721.545,4.299851695275215,10.17440056894985,2.3829796138183836e-10,3.0893807791521286e-11,1603418.7595,True,3,Both actual and predicted relative reductions in the sum of squares  are at most 0.000000 and the relative error between two consecutive iterates is at   most 0.000000
4995353414920.875,4.097913410934214,8.822442557042503,2.2380035926386893e-10,3.082787555779578e-11,1620297.66173,True,2,The relative error between two consecutive iterates is at most 0.000000
4282730029526.2393,4.601009374480422,11.048896859962303,2.469727360855951e-10,3.5416309257137075e-11,1576154.86551,True,2,The relative error between two consecutive iterates is at most 0.000000
4729635016920.016,4.329511501799131,10.818434718898699,2.324700704299522e-10,3.178636283800659e-11,1511164.78972,True,2,The relative error between two consecutive iterates is at most 0.000000
4629169466451.691,4.466941255145745,9.766842765223542,2.362333552290346e-10,3.3737199875215795e-11,1492097.7296,True,2,The relative error between two consecutive iterates is at most 0.000000
4532326449814.922,4.630414160121587,11.498211121402065,2.3981129686320055e-10,3.64279876883814e-11,1342111.79278,True,3,Both actual and predicted relative reductions in the sum of squares  are at most 0.000000 and the relative error between two consecutive iterates is at   most 0.000000
4399585458329.494,4.486310123706657,10.478154693897935,2.4197572045177124e-10,3.211361635709677e-11,1348562.81146,True,2,The relative error between two consecutive iterates is at most 0.000000
4495792301365.706,4.472476642623857,9.948282856799441,2.39479963801471e-10,3.160835086073453e-11,1390390.27666,True,2,The relative error between two consecutive iterates is at most 0.000000
4618156102049.852,4.801347168265934,9.133493489916324,2.3769628976839267e-10,3.5662326145634945e-11,1547461.64961,True,3,Both actual and predicted relative reductions in the sum of squares  are at most 0.000000 and the relative error between two consecutive iterates is at   most 0.000000
4639999581241.441,4.347874120593178,11.016677109955426,2.3532538369821125e-10,3.3804655756948346e-11,1601966.30018,True,2,The relative error between two consecutive iterates is at most 0.000000
4636596519316.714,4.278183496025909,11.015950404362027,2.3512763429178745e-10,3.3556569095672435e-11,1343865.47381,True,3,Both actual and predicted relative reductions in the sum of squares  are at most 0.000000 and the relative error between two consecutive iterates is at   most 0.000000
4750606366674.158,4.1308160031698815,11.227840838137574,2.3116021114305063e-10,2.9850825968423315e-11,1373130.69704,True,2,The relative error between two consecutive iterates is at most 0.000000
4631641344487.778,4.397115152836626,10.60674791135087,2.3678106033814833e-10,3.0112078460567616e-11,1565090.17055,True,2,The relative error between two consecutive iterates is at most 0.000000
4388584109179.6494,4.482290475301088,10.194049821545207,2.42880505917589e-10,3.219904076521766e-11,1422031.55901,True,3,Both actual and predicted relative reductions in the sum of squares  are at most 0.000000 and the relative error between two consecutive iterates is at   most 0.000000
4382235953134.683,4.54952926469916,11.457461393676011,2.432704157423923e-10,3.5965813196687736e-11,1625838.77055,True,2,The relative error between two consecutive iterates is at most 0.000000
4819019770799.328,4.101577953542598,8.058592180830713,2.2926830258279738e-10,3.3421011603569894e-11,1542711.84835,True,3,Both actual and predicted relative reductions in the sum of squares  are at most 0.000000 and the relative error between two consecutive iterates is at   most 0.000000
4028310510570.675,4.749940249883159,10.613096066661422,2.566730786163923e-10,3.51911067529034e-11,1582876.58778,True,2,The relative error between two consecutive iterates is at most 0.000000
4497772774465.732,4.610131280424145,11.086423476695229,2.404703482992685e-10,3.420876722887761e-11,1556180.095,True,2,The relative error between two consecutive iterates is at most 0.000000
4908889197794.398,4.564740119816204,9.772462479400335,2.287659364686885e-10,2.929289686832504e-11,1461858.09311,True,3,Both actual and predicted relative reductions in the sum of squares  are at most 0.000000 and the relative error between two consecutive iterates is at   most 0.000000
4202216457969.555,4.903182256191443,10.459286105918729,2.518633398807298e-10,3.695861648388592e-11,1553686.28361,True,2,The relative error between two consecutive iterates is at most 0.000000
4711509178706.875,4.256212922744726,9.888887143356547,2.324497296475048e-10,3.4611606653854835e-11,1639447.37109,True,3,Both actual and predicted relative reductions in the sum of squares  are at most 0.000000 and the relative error between two consecutive iterates is at   most 0.000000
4780365205917.182,4.191330186328203,8.223570787622299,2.3107655076136894e-10,3.0956585578568134e-11,1643941.14195,True,1,Both actual and predicted relative reductions in the sum of squares  are at most 0.000000
4014983871053.885,4.728737156974305,9.788966175832567,2.567308470060391e-10,3.6163007035527554e-11,1390139.28093,True,2,The relative error between two consecutive iterates is at most 0.000000
4653391627983.625,4.397572022899301,10.407040516748767,2.3405711038895466e-10,3.3328520059883167e-11,1524695.49204,True,2,The relative error between two consecutive iterates is at most 0.000000
5046510431480.248,4.295462304145028,8.626849857615563,2.2380101053686645e-10,2.9455639788739976e-11,1601596.12665,True,1,Both actual and predicted relative reductions in the sum of squares  are at most 0.000000
5132135757227.167,4.09386742908864,10.451461976910572,2.2062321593647773e-10,3.140976057288759e-11,1440854.68525,True,1,Both actual and predicted relative reductions in the sum of squares  are at most 0.000000
4503730311496.55,4.1682145531829615,11.733950516378147,2.382486432211762e-10,3.692526309236456e-11,1679390.49159,True,2,The relative error between two consecutive iterates is at most 0.000000
4706532216613.936,4.572091134083273,10.688109733819628,2.3429366821193556e-10,3.153566289756132e-11,1381405.16312,True,2,The relative error between two consecutive iterates is at most 0.000000
5000881181467.026,3.885383244880767,10.23835986156435,2.2286142090945583e-10,2.8033874770512462e-11,1672830.85625,True,3,Both actual and predicted relative reductions in the sum of squares  are at most 0.000000 and the relative error between two consecutive iterates is at   most 0.000000
4511706683487.832,4.134440565883395,11.217153206694459,2.379095620275378e-10,3.085010957623392e-11,1611348.60221,True,2,The relative error between two consecutive iterates is at most 0.000000
4350263907908.8716,4.357963220367616,9.99645220342175,2.438097143274089e-10,3.401382312703477e-11,1603715.88573,True,3,Both actual and predicted relative reductions in the sum of squares  are at most 0.000000 and the relative error between two consecutive iterates is at   most 0.000000
4475505936715.723,4.6132009302586745,9.492044616428839,2.413969157459895e-10,3.0662821817534854e-11,1392496.80616,True,2,The relative error between two consecutive iterates is at most 0.000000
4639563962712.282,4.251651427561328,9.739559860326848,2.343335598122513e-10,3.2939602010037954e-11,1518967.11054,True,2,The relative error between two consecutive iterates is at most 0.000000
4768168236897.608,4.16790540699096,10.160097113898175,2.3069091738791373e-10,3.300074587311083e-11,1421384.60623,True,2,The relative error between two consecutive iterates is at most 0.000000
4248097106733.9644,4.405079901309495,10.681396492081948,2.4803958756523377e-10,3.34028272847334e-11,1374848.25305,True,2,The relative error between two consecutive iterates is at most 0.000000
4719296762259.508,4.48615579166327,9.478961674209277,2.3274673223137524e-10,2.7677291934464667e-11,1553464.0086,True,2,The relative error between two consecutive iterates is at most 0.000000
4338003783485.6177,4.715495367716154,11.595089537214728,2.464811561571989e-10,3.425741341814409e-11,1530193.47435,True,3,Both actual and predicted relative reductions in the sum of squares  are at most 0.000000 and the relative error between two consecutive iterates is at   most 0.000000
4490909489305.461,4.3900920421789955,10.068237307934805,2.388515783603929e-10,3.3712833637815654e-11,1511995.93893,True,2,The relative error between two consecutive iterates is at most 0.000000
4720973097988.887,4.123294397385782,11.74586961495411,2.3187186064596094e-10,3.3780279906183675e-11,1670802.1121,True,2,The relative error between two consecutive iterates is at most 0.000000
4185716696515.624,4.309606621881344,12.599729511308059,2.485227135880947e-10,3.351742264841971e-11,1516037.12463,True,2,The relative error between two consecutive iterates is at most 0.000000
4814969181433.03,4.203897317916207,10.565848826184867,2.3026123633662152e-10,3.09086281045533e-11,1457238.97184,True,2,The relative error between two consecutive iterates is at most 0.000000
4746643757491.563,4.374111845532518,8.157513044639991,2.3227564006158307e-10,3.173871789861153e-11,1504873.31918,True,2,The relative error between two consecutive iterates is at most 0.000000
4944171287254.161,4.051102752140563,9.59670251746736,2.261248119772987e-10,3.320827262473122e-11,1703137.35997,True,2,The relative error between two consecutive iterates is at most 0.000000
4169808211945.527,4.76514468089397,9.702785115870904,2.529227142747265e-10,3.4941496055675454e-11,1486524.42425,True,2,The relative error between two consecutive iterates is at most 0.000000
4482711462507.934,3.901336469738907,11.376366072775818,2.3748438241515724e-10,3.235374795082917e-11,1678394.80476,True,2,The relative error between two consecutive iterates is at most 0.000000
4272013389424.4277,4.708536064785036,9.94520892420651,2.48261885287078e-10,3.4283059455087714e-11,1653134.2236,True,2,The relative error between two consecutive iterates is at most 0.000000
4356738670562.549,4.260117016585857,10.143244736150695,2.445565370801638e-10,3.32874788256687e-11,1488540.46395,True,3,Both actual and predicted relative reductions in the sum of squares  are at most 0.000000 and the relative error between two consecutive iterates is at   most 0.000000
4583852858943.759,4.3444398346265,8.471606078984914,2.3625872197554683e-10,3.1973694674234174e-11,1597044.83986,True,2,The relative error between two consecutive iterates is at most 0.000000
5204732388246.49,4.034089999390847,10.498962651521575,2.207231333496419e-10,2.4994705220596963e-11,1652261.1529,True,2,The relative error between two consecutive iterates is at most 0.000000
4226652106053.856,4.179451142871188,11.461222951060448,2.4588928164967474e-10,2.9218155714132157e-11,1620885.02269,True,3,Both actual and predicted relative reductions in the sum of squares  are at most 0.000000 and the relative error between two consecutive iterates is at   most 0.000000
4521656929380.514,4.356560167345774,11.32114276396608,2.392138496430412e-10,3.3603943166135724e-11,1715765.38668,True,2,The relative error between two consecutive iterates is at most 0.000000
4937488292312.27,3.99232539777623,10.194617615906985,2.2520955494463825e-10,2.6123361557207182e-11,1706892.78038,True,1,Both actual and predicted relative reductions in the sum of squares  are at most 0.000000
4902327779606.339,4.2627597035210885,11.70826591453522,2.283866990566163e-10,3.532392525487795e-11,1610880.5764,True,3,Both actual and predicted relative reductions in the sum of squares  are at most 0.000000 and the relative error between two consecutive iterates is at   most 0.000000
4268053991937.3535,5.03746940217486,10.081663257002027,2.50187474543775e-10,3.5221797427205524e-11,1543604.59725,True,3,Both actual and predicted relative reductions in the sum of squares  are at most 0.000000 and the relative error between two consecutive iterates is at   most 0.000000
4396086845605.2314,4.397138511373119,10.213188501112077,2.4264991726253307e-10,3.3195001240208334e-11,1677436.6501,True,2,The relative error between two consecutive iterates is at most 0.000000
4371555571957.8145,4.771997088733735,10.901115118016836,2.4409978786873623e-10,3.029904107696653e-11,1369316.73572,True,2,The relative error between two consecutive iterates is at most 0.000000
4492592572536.34,4.393992221593278,11.064647930692555,2.406756477204703e-10,3.3276118934864654e-11,1550319.24479,True,3,Both actual and predicted relative reductions in the sum of squares  are at most 0.000000 and the relative error between two consecutive iterates is at   most 0.000000
4682381653824.519,4.034960359885814,12.028137793914436,2.3220323830937122e-10,3.164907388645715e-11,1553142.46811,True,2,The relative error between two consecutive iterates is at most 0.000000
4646409227306.283,4.226823391996039,12.048552793984943,2.3287892952499414e-10,3.321241638539764e-11,1556156.80425,True,2,The relative error between two consecutive iterates is at most 0.000000
4554604913861.44,4.3871099401828,10.122372372613246,2.379527442613316e-10,3.188454306217399e-11,1497961.32381,True,3,Both actual and predicted relative reductions in the sum of squares  are at most 0.000000 and the relative error between two consecutive iterates is at   most 0.000000
4597206030110.908,4.56318911098453,8.583642256222234,2.3770293650493675e-10,3.278523438348971e-11,1548046.91447,True,2,The relative error between two consecutive iterates is at most 0.000000
4886970015201.853,4.719354844498449,9.798307863122963,2.3050950361622993e-10,3.0834434314494074e-11,1640917.47871,True,3,Both actual and predicted relative reductions in the sum of squares  are at most 0.000000 and the relative error between two consecutive iterates is at   most 0.000000
4715200818770.934,4.056664295670861,9.458626700819542,2.3255372807027232e-10,3.390949389847508e-11,1594475.03411,True,3,Both actual and predicted relative reductions in the sum of squares  are at most 0.000000 and the relative error between two consecutive iterates is at   most 0.000000
4586508530293.714,4.367688492798702,9.294551557208267,2.371785735794969e-10,3.330846569644941e-11,1467083.64483,True,2,The relative error between two consecutive iterates is at most 0.000000
4656279688461.505,4.752112129359955,10.383455957459423,2.368371465531587e-10,3.6311245834508415e-11,1757098.84428,True,2,The relative error between two consecutive iterates is at most 0.000000
4271108677705.03,4.587144929366905,12.075910302119322,2.4788617183786324e-10,3.683599720385549e-11,1692957.37189,True,2,The relative error between two consecutive iterates is at most 0.000000
4427579043308.555,4.31274620559527,10.257168798915723,2.4062337128488907e-10,3.1850748855379417e-11,1614394.19234,True,2,The relative error between two consecutive iterates is at most 0.000000
4563376256598.384,4.662986648050595,10.678946306092909,2.395766543880795e-10,3.654951876222408e-11,1504609.86192,True,2,The relative error between two consecutive iterates is at most 0.000000
4274553212101.476,4.507928735913686,10.674693207475364,2.463795423780624e-10,3.5122506933034266e-11,1503958.51211,True,2,The relative error between two consecutive iterates is at most 0.000000
4624048590305.992,4.3866932389835975,11.288665332287408,2.3638374925415654e-10,3.195303103110253e-11,1416649.63985,True,2,The relative error between two consecutive iterates is at most 0.000000
4680633145515.763,4.703729748332601,9.709950402985028,2.355420100573939e-10,3.053610240766836e-11,1325507.66268,True,2,The relative error between two consecutive iterates is at most 0.000000
4552868292486.045,4.1326607682428325,10.530398339949473,2.3810533715120335e-10,3.616556947192162e-11,1708006.38953,True,2,The relative error between two consecutive iterates is at most 0.000000
4874639846153.743,4.246679562405569,10.806645808799994,2.2769168077367048e-10,2.9061348961876988e-11,1445368.41963,True,2,The relative error between two consecutive iterates is at most 0.000000
4765698315282.852,3.953584265130699,9.656806873398558,2.2951676214728316e-10,2.946668905854312e-11,1633732.08625,True,3,Both actual and predicted relative reductions in the sum of squares  are at most 0.000000 and the relative error between two consecutive iterates is at   most 0.000000
4703324005917.298,4.546577877216341,9.928620248864823,2.344943074686459e-10,3.0841106094727896e-11,1388526.7366,True,3,Both actual and predicted relative reductions in the sum of squares  are at most 0.000000 and the relative error between two consecutive iterates is at   most 0.000000
4929643474569.481,4.135727569417211,11.628898987297982,2.257044129458929e-10,2.6740400373722648e-11,1560774.24702,True,3,Both actual and predicted relative reductions in the sum of squares  are at most 0.000000 and the relative error between two consecutive iterates is at   most 0.000000
4688555184023.443,4.566265768716185,9.93238077074029,2.347442576122023e-10,3.1060113052196746e-11,1450610.85732,True,2,The relative error between two consecutive iterates is at most 0.000000
4446744883276.526,4.546254547859505,11.06941687355043,2.4066150568368314e-10,3.492358580285335e-11,1740783.34438,True,2,The relative error between two consecutive iterates is at most 0.000000
4845787640898.232,4.2923379903669545,10.954042039029487,2.2926172589272904e-10,3.136466769472824e-11,1469459.93871,True,2,The relative error between two consecutive iterates is at most 0.000000
3937286857546.422,4.840814703763289,10.807216513827303,2.6180373010946757e-10,4.0307744240920325e-11,1906952.39128,True,2,The relative error between two consecutive iterates is at most 0.000000
4116146015050.535,4.653890023759959,11.180152451177063,2.5393584283341194e-10,3.675828101182982e-11,1417147.35768,True,2,The relative error between two consecutive iterates is at most 0.000000
4544913154041.03,4.3844421729002026,10.48307382940225,2.3781668859283534e-10,3.0899463897368385e-11,1343642.04081,True,2,The relative error between two consecutive iterates is at most 0.000000
4372805649858.807,4.632414393573739,10.663378236455028,2.4537020254718277e-10,3.07394228277089e-11,1568157.45041,True,3,Both actual and predicted relative reductions in the sum of squares  are at most 0.000000 and the relative error between two consecutive iterates is at   most 0.000000
4195901563276.559,4.272256570295951,10.70114193918332,2.486176426489304e-10,4.06464843036338e-11,1581229.50283,True,2,The relative error between two consecutive iterates is at most 0.000000
4743001385652.669,4.347718029161221,11.113474490954678,2.3322440855303435e-10,3.214871455625452e-11,1329977.02984,True,3,Both actual and predicted relative reductions in the sum of squares  are at most 0.000000 and the relative error between two consecutive iterates is at   most 0.000000
4903116111206.365,4.516811898190009,11.372741739210962,2.2893878036903322e-10,3.052657999538553e-11,1897552.15701,True,1,Both actual and predicted relative reductions in the sum of squares  are at most 0.000000
4910499354581.895,4.30720815596299,9.44671244559419,2.2753704599563022e-10,3.1758862897750115e-11,1579184.10169,True,2,The relative error between two consecutive iterates is at most 0.000000
